2 0.81328125 0.35859375 0.1421875 0.175
2 0.696875 0.2875 0.1296875 0.165625
2 0.58671875 0.221875 0.0546875 0.1375
2 0.50703125 0.18984375 0.0546875 0.090625
2 0.45078125 0.18984375 0.0875 0.121875
2 0.40859375 0.225 0.06875 0.1015625
2 0.55625 0.34375 0.0984375 0.1125
2 0.5734375 0.5078125 0.1171875 0.15
2 0.41796875 0.5703125 0.09375 0.1578125
2 0.46484375 0.4125 0.0890625 0.1046875
2 0.37578125 0.41640625 0.0984375 0.16875
2 0.28984375 0.2640625 0.103125 0.0828125
2 0.26875 0.31953125 0.096875 0.1
2 0.171875 0.33125 0.121875 0.0890625
2 0.17109375 0.41796875 0.115625 0.121875
2 0.27109375 0.54140625 0.0890625 0.1609375
2 0.20625 0.5015625 0.1015625 0.11875
2 0.12734375 0.5828125 0.10625 0.128125