2 0.69375 0.21640625 0.196875 0.1703125
2 0.74375 0.34296875 0.1859375 0.15625
2 0.7890625 0.46328125 0.1453125 0.078125
2 0.80703125 0.546875 0.0984375 0.0703125
2 0.796875 0.60234375 0.1359375 0.1078125
2 0.7546875 0.6375 0.1125 0.0859375
2 0.66328125 0.471875 0.128125 0.1171875
2 0.5046875 0.4265625 0.16875 0.1421875
2 0.41640625 0.56875 0.171875 0.1203125
2 0.5796875 0.55 0.11875 0.10625
2 0.5609375 0.63671875 0.1828125 0.1265625
2 0.69609375 0.74765625 0.1 0.115625
2 0.6375 0.759375 0.115625 0.1125
2 0.609375 0.85234375 0.109375 0.1359375
2 0.5234375 0.83828125 0.140625 0.134375
2 0.41953125 0.71796875 0.1734375 0.115625
2 0.44765625 0.7890625 0.134375 0.1203125
2 0.35390625 0.85234375 0.1453125 0.1265625