2 0.1703125 0.59609375 0.165625 0.19375
2 0.27578125 0.6828125 0.1515625 0.1828125
2 0.37578125 0.76328125 0.0734375 0.14375
2 0.45 0.80625 0.0671875 0.096875
2 0.50546875 0.8140625 0.103125 0.1328125
2 0.55234375 0.78515625 0.0828125 0.109375
2 0.42265625 0.646875 0.1125 0.125
2 0.428125 0.48203125 0.1375 0.165625
2 0.59140625 0.44140625 0.1140625 0.16875
2 0.52265625 0.59140625 0.103125 0.115625
2 0.61171875 0.6 0.1203125 0.18125
2 0.675 0.7625 0.1140625 0.096875
2 0.70390625 0.7109375 0.109375 0.1125
2 0.8015625 0.7125 0.1328125 0.1046875
2 0.8140625 0.62734375 0.13125 0.1375
2 0.7328125 0.490625 0.1109375 0.171875
2 0.79140625 0.5390625 0.1171875 0.13125
2 0.88046875 0.46953125 0.1234375 0.1421875