2 0.15 0.196875 0.1453125 0.28125
2 0.075 0.596875 0.10625 0.1765625
2 0.3203125 0.2453125 0.125 0.2328125
2 0.265625 0.18984375 0.1265625 0.228125
2 0.38359375 0.2453125 0.11875 0.2171875
2 0.38515625 0.50625 0.2359375 0.2390625
2 0.40859375 0.73671875 0.1609375 0.25625
2 0.4609375 0.13671875 0.1109375 0.10625
2 0.48828125 0.24921875 0.153125 0.203125
2 0.540625 0.39375 0.1421875 0.246875
2 0.61015625 0.46171875 0.1875 0.3328125
2 0.5921875 0.109375 0.1203125 0.2
2 0.69921875 0.1921875 0.125 0.15
2 0.525 0.80390625 0.1828125 0.35625
2 0.62265625 0.821875 0.4046875 0.3421875
2 0.8640625 0.53046875 0.1875 0.2140625
2 0.96640625 0.19765625 0.0671875 0.3046875
2 0.73359375 0.5578125 0.09375 0.209375
2 0.74921875 0.35234375 0.153125 0.203125
2 0.859375 0.80234375 0.159375 0.28125
2 0.97421875 0.49296875 0.0515625 0.25625