2 0.25546875 0.89296875 0.3 0.1875
2 0.6625 0.9046875 0.190625 0.1328125
2 0.2765625 0.7171875 0.25 0.159375
2 0.23046875 0.7796875 0.2453125 0.1609375
2 0.26640625 0.6546875 0.2328125 0.1515625
2 0.52421875 0.6125 0.2734375 0.2703125
2 0.7484375 0.553125 0.278125 0.1984375
2 0.14765625 0.5953125 0.121875 0.1265625
2 0.25390625 0.55078125 0.225 0.1828125
2 0.3890625 0.4765625 0.265625 0.1796875
2 0.4453125 0.396875 0.3578125 0.2375
2 0.10390625 0.4703125 0.2078125 0.15
2 0.16484375 0.3515625 0.1671875 0.146875
2 0.79609375 0.428125 0.3796875 0.2359375
2 0.7984375 0.328125 0.4015625 0.453125
2 0.4734375 0.1359375 0.240625 0.21875
2 0.14140625 0.08671875 0.2828125 0.1140625
2 0.5203125 0.26015625 0.221875 0.125
2 0.31484375 0.2765625 0.225 0.1828125
2 0.7421875 0.09921875 0.303125 0.1984375
2 0.41796875 0.0390625 0.2609375 0.078125