2 0.82421875 0.22890625 0.1453125 0.1296875
2 0.82890625 0.30703125 0.1421875 0.1125
2 0.846875 0.4390625 0.153125 0.2125
2 0.6421875 0.27265625 0.1421875 0.125
2 0.73359375 0.28046875 0.1359375 0.1140625
2 0.7078125 0.37109375 0.128125 0.1375
2 0.775 0.48828125 0.103125 0.1859375
2 0.31484375 0.48671875 0.1546875 0.1546875
2 0.54140625 0.35703125 0.2125 0.1671875
2 0.4546875 0.50546875 0.1328125 0.1546875
2 0.63359375 0.4796875 0.25 0.190625
2 0.60703125 0.56953125 0.1375 0.103125
2 0.47578125 0.6890625 0.1890625 0.2109375
2 0.6390625 0.6859375 0.175 0.1375
2 0.1890625 0.796875 0.1765625 0.10625
2 0.33515625 0.85234375 0.125 0.1421875
2 0.23203125 0.85703125 0.128125 0.153125
2 0.10546875 0.940625 0.0984375 0.11875
2 0.21796875 0.9703125 0.1328125 0.059375