2 0.7171875 0.8625 0.1109375 0.1296875
2 0.6390625 0.8546875 0.0953125 0.1296875
2 0.50625 0.85234375 0.1953125 0.1234375
2 0.70234375 0.67578125 0.10625 0.1265625
2 0.68046875 0.76484375 0.096875 0.121875
2 0.59453125 0.725 0.121875 0.1109375
2 0.46875 0.7734375 0.1765625 0.0765625
2 0.5421875 0.31953125 0.134375 0.1359375
2 0.634375 0.56328125 0.1375 0.19375
2 0.5015625 0.4546875 0.1390625 0.1125
2 0.49921875 0.63515625 0.1578125 0.228125
2 0.41484375 0.59453125 0.084375 0.125
2 0.3171875 0.446875 0.1890625 0.1609375
2 0.29453125 0.60859375 0.1140625 0.159375
2 0.25546875 0.14609375 0.0796875 0.165625
2 0.178125 0.28203125 0.1265625 0.1078125
2 0.1890625 0.1796875 0.1375 0.1078125
2 0.09375 0.0359375 0.175 0.0703125
2 0.05 0.14296875 0.1 0.11875