2 0.7171875 0.1375 0.1109375 0.1296875
2 0.6390625 0.1453125 0.0953125 0.1296875
2 0.50625 0.14765625 0.1953125 0.1234375
2 0.70234375 0.32421875 0.10625 0.1265625
2 0.68046875 0.23515625 0.096875 0.121875
2 0.59453125 0.275 0.121875 0.1109375
2 0.46875 0.2265625 0.1765625 0.0765625
2 0.5421875 0.68046875 0.134375 0.1359375
2 0.634375 0.43671875 0.1375 0.19375
2 0.5015625 0.5453125 0.1390625 0.1125
2 0.49921875 0.36484375 0.1578125 0.228125
2 0.41484375 0.40546875 0.084375 0.1265625
2 0.3171875 0.553125 0.1890625 0.1609375
2 0.29453125 0.39140625 0.1140625 0.159375
2 0.25546875 0.85390625 0.0796875 0.165625
2 0.178125 0.71796875 0.1265625 0.10625
2 0.1890625 0.8203125 0.1375 0.1078125
2 0.09375 0.9640625 0.175 0.071875
2 0.05 0.85703125 0.1 0.11875