2 0.24609375 0.8375 0.1234375 0.140625
2 0.325 0.83828125 0.1078125 0.1390625
2 0.45703125 0.85 0.2078125 0.14375
2 0.28046875 0.65390625 0.11875 0.1375
2 0.29296875 0.74453125 0.109375 0.13125
2 0.3828125 0.7140625 0.1328125 0.1234375
2 0.50234375 0.775 0.184375 0.0953125
2 0.4765625 0.31640625 0.1484375 0.15
2 0.359375 0.54921875 0.15625 0.2078125
2 0.503125 0.4546875 0.15 0.1265625
2 0.48671875 0.634375 0.18125 0.24375
2 0.575 0.603125 0.096875 0.134375
2 0.6875 0.46640625 0.2046875 0.1796875
2 0.69296875 0.6296875 0.1296875 0.1703125
2 0.78046875 0.1734375 0.096875 0.1734375
2 0.84296875 0.3171875 0.1375 0.11875
2 0.84296875 0.2140625 0.1484375 0.121875
2 0.93046875 0.08046875 0.1390625 0.0890625
2 0.9640625 0.1921875 0.071875 0.128125