2 0.88359375 0.321875 0.140625 0.1234375
2 0.8671875 0.3984375 0.1390625 0.1078125
2 0.85078125 0.53046875 0.14375 0.2078125
2 0.69609375 0.3171875 0.1375 0.11875
2 0.78203125 0.3484375 0.13125 0.109375
2 0.73359375 0.4296875 0.1234375 0.1328125
2 0.76875 0.559375 0.0953125 0.184375
2 0.325 0.4390625 0.15 0.1484375
2 0.57734375 0.37265625 0.2078125 0.15625
2 0.45546875 0.49375 0.1265625 0.15
2 0.634375 0.51484375 0.24375 0.18125
2 0.58515625 0.59453125 0.1328125 0.096875
2 0.428125 0.6765625 0.1796875 0.2046875
2 0.58671875 0.715625 0.1703125 0.1296875
2 0.12265625 0.70625 0.1734375 0.096875
2 0.24921875 0.79765625 0.1203125 0.1375
2 0.14921875 0.77578125 0.121875 0.1484375
2 0.01953125 0.8546875 0.0390625 0.18125
2 0.09765625 0.91015625 0.128125 0.1125