2 0.2828125 0.1375 0.1109375 0.1296875
2 0.3609375 0.1453125 0.09375 0.1296875
2 0.49375 0.14765625 0.1953125 0.1234375
2 0.29765625 0.32421875 0.10625 0.1265625
2 0.31953125 0.23515625 0.096875 0.121875
2 0.40546875 0.275 0.121875 0.1109375
2 0.53125 0.2265625 0.1765625 0.0765625
2 0.4578125 0.68046875 0.134375 0.1359375
2 0.365625 0.43671875 0.1390625 0.19375
2 0.4984375 0.5453125 0.1390625 0.1125
2 0.50078125 0.36484375 0.15625 0.228125
2 0.58515625 0.40546875 0.084375 0.1265625
2 0.6828125 0.553125 0.1875 0.1609375
2 0.70546875 0.39140625 0.1140625 0.159375
2 0.74453125 0.85390625 0.08125 0.165625
2 0.821875 0.71796875 0.1265625 0.10625
2 0.8109375 0.8203125 0.1375 0.1078125
2 0.90625 0.9640625 0.175 0.071875
2 0.95 0.85703125 0.1 0.11875