2 0.84765625 0.48984375 0.1515625 0.1484375
2 0.68515625 0.39453125 0.1671875 0.140625
2 0.7421875 0.5109375 0.0609375 0.121875
2 0.4171875 0.23671875 0.165625 0.1484375
2 0.4796875 0.403125 0.134375 0.1171875
2 0.56875 0.4296875 0.0921875 0.103125
2 0.6046875 0.60625 0.134375 0.1484375
2 0.5171875 0.5109375 0.1078125 0.09375
2 0.4109375 0.56796875 0.1171875 0.1796875
2 0.296875 0.42421875 0.140625 0.1484375
2 0.2578125 0.56640625 0.15 0.125
2 0.1578125 0.41171875 0.109375 0.1625
2 0.1265625 0.64140625 0.0296875 0.1109375