2 0.15625 0.55 0.175 0.171875
2 0.29921875 0.428125 0.1875 0.1671875
2 0.26328125 0.553125 0.08125 0.13125
2 0.5359375 0.2265625 0.1875 0.175
2 0.503125 0.40078125 0.153125 0.1390625
2 0.4203125 0.44296875 0.109375 0.1171875
2 0.415625 0.62265625 0.1578125 0.16875
2 0.48515625 0.5140625 0.121875 0.1109375
2 0.59921875 0.5515625 0.146875 0.196875
2 0.68671875 0.38984375 0.1640625 0.1703125
2 0.75 0.5234375 0.16875 0.1484375
2 0.821875 0.35390625 0.1359375 0.1796875
2 0.8921875 0.57421875 0.0484375 0.1140625