2 0.4 0.1671875 0.1828125 0.184375
2 0.35 0.3484375 0.1796875 0.1984375
2 0.44765625 0.26328125 0.1328125 0.090625
2 0.2671875 0.6484375 0.1859375 0.1984375
2 0.41171875 0.54453125 0.1484375 0.159375
2 0.4140625 0.4515625 0.1234375 0.115625
2 0.57578125 0.37109375 0.178125 0.16875
2 0.50625 0.48046875 0.11875 0.128125
2 0.5890625 0.56875 0.203125 0.159375
2 0.4796875 0.715625 0.1796875 0.175
2 0.6265625 0.71640625 0.159375 0.1765625
2 0.503125 0.853125 0.1859375 0.1484375
2 0.73359375 0.82421875 0.1140625 0.0578125