2 0.36796875 0.803125 0.1890625 0.1453125
2 0.80078125 0.9671875 0.1484375 0.065625
2 0.73359375 0.89140625 0.15 0.096875
2 0.5859375 0.60625 0.2359375 0.215625
2 0.3921875 0.678125 0.1359375 0.0625
2 0.44296875 0.5703125 0.153125 0.1046875
2 0.33203125 0.51328125 0.1921875 0.1296875
2 0.26953125 0.2671875 0.159375 0.1140625
2 0.29453125 0.12421875 0.0984375 0.0796875
2 0.47109375 0.4359375 0.165625 0.046875
2 0.4453125 0.2953125 0.1984375 0.1875
2 0.67734375 0.31171875 0.2890625 0.1796875
2 0.78203125 0.07265625 0.2828125 0.1359375