2 0.8078125 0.62109375 0.1390625 0.184375
2 0.9609375 0.18203125 0.0703125 0.1453125
2 0.8828125 0.253125 0.0921875 0.146875
2 0.603125 0.41015625 0.2078125 0.228125
2 0.68203125 0.6015625 0.0578125 0.134375
2 0.571875 0.5546875 0.1 0.15
2 0.51875 0.6671875 0.1234375 0.1875
2 0.275 0.73828125 0.109375 0.15625
2 0.13125 0.71875 0.0765625 0.0953125
2 0.43671875 0.53125 0.040625 0.1640625
2 0.29765625 0.56171875 0.18125 0.1921875
2 0.30546875 0.3296875 0.1703125 0.2828125
2 0.06328125 0.2328125 0.1265625 0.278125