2 0.17109375 0.5375 0.1828125 0.2140625
2 0.1359375 0.07578125 0.10625 0.1515625
2 0.19375 0.1625 0.1265625 0.165625
2 0.4234375 0.38671875 0.259375 0.2734375
2 0.29765625 0.55078125 0.0890625 0.14375
2 0.41640625 0.534375 0.1359375 0.1703125
2 0.43828125 0.65625 0.1671875 0.2125
2 0.65546875 0.78828125 0.1453125 0.1796875
2 0.79921875 0.80703125 0.1 0.1125
2 0.553125 0.546875 0.08125 0.16875
2 0.6796875 0.61171875 0.225 0.2328125
2 0.73203125 0.3859375 0.2375 0.3171875
2 0.946875 0.35390625 0.10625 0.3015625