2 0.8140625 0.6046875 0.1484375 0.190625
2 0.94375 0.15859375 0.078125 0.1484375
2 0.86953125 0.23359375 0.1 0.153125
2 0.5984375 0.4046875 0.21875 0.2390625
2 0.68671875 0.5921875 0.0625 0.1375
2 0.575 0.55078125 0.1078125 0.1546875
2 0.52734375 0.665625 0.1328125 0.19375
2 0.2875 0.75 0.1171875 0.1625
2 0.14296875 0.7375 0.0828125 0.1
2 0.43828125 0.534375 0.0484375 0.165625
2 0.30078125 0.571875 0.190625 0.2015625
2 0.296875 0.33984375 0.184375 0.2921875
2 0.06015625 0.25625 0.1203125 0.284375