2 0.8984375 0.30625 0.1890625 0.2390625
2 0.90703125 0.62734375 0.1671875 0.353125
2 0.7921875 0.54140625 0.1171875 0.2078125
2 0.93984375 0.0859375 0.0875 0.1421875
2 0.83515625 0.109375 0.0734375 0.0890625
2 0.71953125 0.05859375 0.10625 0.1171875
2 0.6609375 0.6078125 0.128125 0.259375
2 0.634375 0.296875 0.075 0.1421875
2 0.7109375 0.1921875 0.0484375 0.1609375
2 0.80234375 0.17421875 0.025 0.1359375
2 0.87109375 0.109375 0.028125 0.1453125
2 0.51171875 0.81328125 0.1859375 0.259375
2 0.375 0.82578125 0.084375 0.184375
2 0.26875 0.8859375 0.125 0.228125
2 0.11796875 0.73046875 0.1734375 0.23125
2 0.496875 0.41640625 0.1125 0.1984375
2 0.4921875 0.26796875 0.0796875 0.1453125
2 0.55546875 0.21171875 0.0515625 0.1
2 0.46796875 0.15390625 0.059375 0.1234375
2 0.415625 0.1109375 0.053125 0.1359375
2 0.40078125 0.20234375 0.059375 0.109375
2 0.36015625 0.184375 0.046875 0.084375
2 0.30390625 0.2234375 0.046875 0.10625
2 0.3125 0.37734375 0.165625 0.23125
2 0.36640625 0.59140625 0.096875 0.18125
2 0.2796875 0.62890625 0.11875 0.184375
2 0.19375 0.49296875 0.0484375 0.128125
2 0.06484375 0.29375 0.0921875 0.2703125
2 0.1265625 0.11875 0.0484375 0.059375
2 0.2328125 0.146875 0.0328125 0.1359375
2 0.13203125 0.23125 0.0453125 0.084375