2 0.3703125 0.90625 0.265625 0.1875
2 0.6890625 0.88203125 0.375 0.2203125
2 0.58671875 0.78203125 0.225 0.1484375
2 0.16015625 0.971875 0.1546875 0.05625
2 0.16640625 0.8921875 0.1 0.0859375
2 0.0984375 0.7859375 0.1328125 0.1234375
2 0.63203125 0.6421875 0.275 0.1671875
2 0.3203125 0.66484375 0.1515625 0.096875
2 0.22890625 0.75625 0.1671875 0.0734375
2 0.22578125 0.84921875 0.1375 0.0453125
2 0.171875 0.92734375 0.1484375 0.05
2 0.8109375 0.4625 0.2859375 0.225
2 0.80234375 0.32578125 0.1953125 0.1125
2 0.8453125 0.2109375 0.2453125 0.159375
2 0.6671875 0.0953125 0.25625 0.190625
2 0.4171875 0.51015625 0.2140625 0.1421875
2 0.26953125 0.52890625 0.15625 0.1015625
2 0.22421875 0.6 0.10625 0.0671875
2 0.153125 0.52265625 0.13125 0.078125
2 0.10234375 0.47734375 0.1421875 0.0734375
2 0.190625 0.4484375 0.1171875 0.075
2 0.16640625 0.4109375 0.0890625 0.059375
2 0.19609375 0.34921875 0.1125 0.0625
2 0.34921875 0.334375 0.2546875 0.2
2 0.56953125 0.35390625 0.19375 0.1234375
2 0.59296875 0.2625 0.2 0.146875
2 0.4453125 0.1984375 0.134375 0.0671875
2 0.228125 0.10234375 0.28125 0.1328125
2 0.06484375 0.190625 0.065625 0.0578125
2 0.109375 0.29140625 0.1390625 0.053125
2 0.17734375 0.17890625 0.0890625 0.0578125