2 0.88359375 0.27890625 0.2046875 0.2515625
2 0.909375 0.59765625 0.18125 0.3640625
2 0.79453125 0.52109375 0.13125 0.215625
2 0.909375 0.06484375 0.096875 0.1296875
2 0.80703125 0.08671875 0.0796875 0.09375
2 0.68828125 0.053125 0.1140625 0.10625
2 0.66796875 0.59609375 0.1453125 0.2671875
2 0.61953125 0.28828125 0.084375 0.146875
2 0.6890625 0.178125 0.059375 0.1640625
2 0.77890625 0.15390625 0.034375 0.1375
2 0.84296875 0.084375 0.0375 0.146875
2 0.53359375 0.81171875 0.203125 0.271875
2 0.39765625 0.83359375 0.096875 0.1890625
2 0.2953125 0.89140625 0.140625 0.2171875
2 0.13515625 0.75625 0.1890625 0.2421875
2 0.49140625 0.4171875 0.1265625 0.20625
2 0.47578125 0.26875 0.0890625 0.15
2 0.53515625 0.20859375 0.0578125 0.103125
2 0.44375 0.15703125 0.0671875 0.1265625
2 0.3890625 0.11796875 0.0625 0.1390625
2 0.38046875 0.21015625 0.0671875 0.1125
2 0.33828125 0.19453125 0.053125 0.0875
2 0.28515625 0.2375 0.0546875 0.109375
2 0.3046875 0.390625 0.18125 0.2421875
2 0.3734375 0.60078125 0.109375 0.1875
2 0.2890625 0.64375 0.13125 0.1921875
2 0.19375 0.5140625 0.0578125 0.13125
2 0.053125 0.32421875 0.10625 0.2765625
2 0.10078125 0.14609375 0.053125 0.0625
2 0.20859375 0.16640625 0.0421875 0.1375
2 0.1140625 0.2578125 0.0515625 0.0875