2 0.85390625 0.76640625 0.23125 0.2703125
2 0.90390625 0.4515625 0.1921875 0.378125
2 0.79453125 0.51484375 0.15625 0.2265625
2 0.853125 0.95625 0.1125 0.0875
2 0.7546875 0.94765625 0.0875 0.1015625
2 0.63046875 0.953125 0.1265625 0.09375
2 0.67890625 0.425 0.175 0.2796875
2 0.59296875 0.725 0.1 0.153125
2 0.6484375 0.8421875 0.078125 0.1671875
2 0.734375 0.87734375 0.05 0.1375
2 0.78984375 0.93984375 0.0546875 0.1203125
2 0.57109375 0.19453125 0.23125 0.290625
2 0.43984375 0.15625 0.11875 0.196875
2 0.346875 0.10078125 0.165625 0.2015625
2 0.16875 0.20078125 0.2140625 0.259375
2 0.48125 0.58125 0.1484375 0.215625
2 0.4484375 0.7265625 0.10625 0.1578125
2 0.49921875 0.79375 0.0703125 0.1078125
2 0.40234375 0.83359375 0.08125 0.1328125
2 0.34296875 0.865625 0.078125 0.14375
2 0.34609375 0.7734375 0.0796875 0.11875
2 0.30234375 0.7828125 0.0625 0.0921875
2 0.2546875 0.734375 0.065625 0.1125
2 0.2921875 0.584375 0.20625 0.259375
2 0.3859375 0.38515625 0.1296875 0.196875
2 0.30859375 0.33125 0.1515625 0.203125
2 0.19765625 0.4484375 0.0734375 0.1359375
2 0.05234375 0.61953125 0.1046875 0.2828125
2 0.0609375 0.803125 0.0609375 0.0671875
2 0.1703125 0.7953125 0.0578125 0.1390625
2 0.0875 0.69375 0.0625 0.0921875