2 0.8984375 0.69375 0.1890625 0.2390625
2 0.90703125 0.37265625 0.1671875 0.353125
2 0.7921875 0.45859375 0.1171875 0.209375
2 0.93984375 0.9140625 0.0875 0.1421875
2 0.83515625 0.890625 0.0734375 0.0890625
2 0.71953125 0.94140625 0.10625 0.1171875
2 0.6609375 0.3921875 0.128125 0.2578125
2 0.634375 0.703125 0.075 0.1421875
2 0.7109375 0.8078125 0.0484375 0.1609375
2 0.80234375 0.82578125 0.025 0.1359375
2 0.87109375 0.890625 0.028125 0.1453125
2 0.51171875 0.18671875 0.1859375 0.259375
2 0.375 0.17421875 0.084375 0.184375
2 0.26875 0.1140625 0.125 0.228125
2 0.11796875 0.26953125 0.1734375 0.23125
2 0.496875 0.58359375 0.1125 0.1984375
2 0.4921875 0.73203125 0.0796875 0.1453125
2 0.55546875 0.78828125 0.0515625 0.1
2 0.46796875 0.84609375 0.059375 0.1234375
2 0.415625 0.8890625 0.053125 0.1359375
2 0.40078125 0.79765625 0.059375 0.109375
2 0.36015625 0.815625 0.046875 0.0828125
2 0.30390625 0.7765625 0.046875 0.10625
2 0.3125 0.62265625 0.165625 0.23125
2 0.36640625 0.40859375 0.096875 0.18125
2 0.2796875 0.37109375 0.11875 0.184375
2 0.19375 0.50703125 0.0484375 0.128125
2 0.06484375 0.70625 0.0921875 0.2703125
2 0.1265625 0.88125 0.0484375 0.059375
2 0.2328125 0.853125 0.0328125 0.1359375
2 0.13203125 0.76875 0.0453125 0.0828125