2 0.1015625 0.30625 0.1890625 0.2390625
2 0.09296875 0.62734375 0.1671875 0.353125
2 0.2078125 0.54140625 0.11875 0.2078125
2 0.06015625 0.0859375 0.0875 0.1421875
2 0.16484375 0.109375 0.071875 0.0890625
2 0.28046875 0.05859375 0.10625 0.1171875
2 0.3390625 0.6078125 0.128125 0.259375
2 0.365625 0.296875 0.075 0.1421875
2 0.2890625 0.1921875 0.0484375 0.1609375
2 0.19765625 0.17421875 0.025 0.1359375
2 0.12890625 0.109375 0.028125 0.1453125
2 0.48828125 0.81328125 0.1859375 0.259375
2 0.625 0.82578125 0.084375 0.184375
2 0.73125 0.8859375 0.125 0.228125
2 0.88203125 0.73046875 0.1734375 0.23125
2 0.503125 0.41640625 0.1125 0.1984375
2 0.5078125 0.26796875 0.0796875 0.1453125
2 0.44453125 0.21171875 0.0515625 0.1
2 0.53203125 0.15390625 0.059375 0.1234375
2 0.584375 0.1109375 0.053125 0.1359375
2 0.59921875 0.20234375 0.059375 0.109375
2 0.63984375 0.184375 0.046875 0.084375
2 0.69609375 0.2234375 0.046875 0.10625
2 0.6875 0.37734375 0.165625 0.23125
2 0.63359375 0.59140625 0.096875 0.18125
2 0.7203125 0.62890625 0.11875 0.184375
2 0.80625 0.49296875 0.05 0.128125
2 0.93515625 0.29375 0.0921875 0.2703125
2 0.8734375 0.11875 0.05 0.059375
2 0.7671875 0.146875 0.0328125 0.1359375
2 0.86796875 0.23125 0.046875 0.084375