2 0.20390625 0.19140625 0.19375 0.1984375
2 0.16015625 0.4453125 0.19375 0.1671875
2 0.08203125 0.51875 0.1 0.0859375
2 0.14765625 0.5859375 0.1265625 0.125
2 0.2546875 0.56796875 0.0796875 0.1390625
2 0.37578125 0.4703125 0.1671875 0.2953125
2 0.4984375 0.44921875 0.0703125 0.125
2 0.57265625 0.51640625 0.18125 0.1484375
2 0.57578125 0.709375 0.1625 0.20625
2 0.74609375 0.48046875 0.1125 0.1921875
2 0.73203125 0.70390625 0.2796875 0.2828125
2 0.7234375 0.8734375 0.121875 0.1171875
2 0.90859375 0.47578125 0.1046875 0.2453125