2 0.29375 0.125 0.2390625 0.2421875
2 0.1859375 0.359375 0.2296875 0.2109375
2 0.09140625 0.41015625 0.11875 0.109375
2 0.1375 0.4921875 0.1546875 0.153125
2 0.2453125 0.50234375 0.1125 0.1546875
2 0.3875 0.4390625 0.2375 0.328125
2 0.51171875 0.45078125 0.1 0.1390625
2 0.565625 0.534375 0.2140625 0.190625
2 0.51875 0.721875 0.2109375 0.240625
2 0.74296875 0.54453125 0.1578125 0.2140625
2 0.67109375 0.75703125 0.34375 0.3453125
2 0.61953125 0.91875 0.1484375 0.1453125
2 0.90078125 0.58203125 0.1640625 0.2640625