2 0.2375 0.26484375 0.1 0.084375
2 0.1265625 0.3640625 0.0953125 0.13125
2 0.2625 0.41796875 0.13125 0.125
2 0.21640625 0.48046875 0.115625 0.0515625
2 0.58125 0.2953125 0.109375 0.140625
2 0.4703125 0.30703125 0.128125 0.1328125
2 0.38828125 0.45390625 0.1046875 0.13125
2 0.46953125 0.46796875 0.1 0.0765625
2 0.50546875 0.378125 0.1453125 0.0921875
2 0.56875 0.54453125 0.053125 0.153125
2 0.7484375 0.34765625 0.0765625 0.0875
2 0.8015625 0.409375 0.125 0.1328125
2 0.80625 0.62421875 0.1140625 0.1796875