2 0.79609375 0.69140625 0.1125 0.0984375
2 0.88984375 0.57578125 0.1140625 0.1453125
2 0.74765625 0.54375 0.1484375 0.14375
2 0.7828125 0.475 0.121875 0.06875
2 0.4515625 0.71484375 0.1296875 0.15625
2 0.559375 0.6859375 0.146875 0.1515625
2 0.6171875 0.528125 0.1234375 0.1453125
2 0.53515625 0.5265625 0.1109375 0.090625
2 0.51328125 0.62109375 0.1578125 0.1140625
2 0.425 0.46640625 0.0765625 0.159375
2 0.278125 0.6890625 0.0890625 0.0984375
2 0.21640625 0.63671875 0.14375 0.15
2 0.178125 0.425 0.140625 0.1953125