2 0.09375 0.21640625 0.0984375 0.1296875
2 0.2296875 0.221875 0.06875 0.1484375
2 0.3625 0.390625 0.16875 0.2140625
2 0.46953125 0.27890625 0.0734375 0.1078125
2 0.5515625 0.08515625 0.05 0.1234375
2 0.74375 0.1484375 0.0390625 0.09375
2 0.884375 0.23984375 0.0296875 0.075
2 0.6734375 0.3859375 0.04375 0.115625
2 0.7234375 0.3796875 0.06875 0.09375
2 0.57890625 0.39765625 0.0625 0.109375
2 0.6421875 0.36640625 0.046875 0.121875
2 0.18046875 0.45078125 0.0953125 0.1140625
2 0.13828125 0.7875 0.0890625 0.1421875
2 0.28984375 0.90859375 0.0625 0.1796875
2 0.6515625 0.85234375 0.11875 0.1921875
2 0.7359375 0.7546875 0.0640625 0.071875
2 0.85078125 0.765625 0.059375 0.1015625
2 0.88515625 0.9 0.0859375 0.103125
2 0.934375 0.76015625 0.0703125 0.0625