2 0.0984375 0.209375 0.096875 0.128125
2 0.234375 0.2171875 0.065625 0.146875
2 0.3640625 0.38828125 0.165625 0.2109375
2 0.4734375 0.278125 0.071875 0.10625
2 0.55859375 0.0859375 0.0484375 0.121875
2 0.75 0.153125 0.0375 0.09375
2 0.8890625 0.246875 0.028125 0.075
2 0.67578125 0.3890625 0.0421875 0.115625
2 0.72578125 0.38359375 0.0671875 0.0921875
2 0.58046875 0.39921875 0.0609375 0.1078125
2 0.64453125 0.36875 0.0453125 0.121875
2 0.18125 0.4453125 0.09375 0.1125
2 0.13359375 0.78125 0.0859375 0.140625
2 0.2828125 0.9046875 0.059375 0.178125
2 0.6453125 0.8546875 0.115625 0.190625
2 0.73125 0.75859375 0.0625 0.0703125
2 0.84609375 0.771875 0.0578125 0.1
2 0.878125 0.90703125 0.084375 0.1015625
2 0.9296875 0.76796875 0.06875 0.0609375