2 0.2703125 0.60078125 0.21875 0.18125
2 0.0265625 0.42265625 0.053125 0.146875
2 0.21171875 0.34609375 0.190625 0.14375
2 0.22734375 0.4671875 0.1703125 0.1203125
2 0.39765625 0.4140625 0.14375 0.18125
2 0.45546875 0.54375 0.0890625 0.0734375
2 0.39296875 0.5890625 0.178125 0.1421875
2 0.55703125 0.61171875 0.1375 0.153125
2 0.50703125 0.46015625 0.125 0.0890625
2 0.5609375 0.28125 0.2375 0.203125
2 0.7359375 0.540625 0.1125 0.2
2 0.890625 0.68359375 0.1984375 0.225
2 0.934375 0.43125 0.13125 0.1703125