2 0.29375 0.64296875 0.25 0.2203125
2 0.03046875 0.5140625 0.0609375 0.15625
2 0.1875 0.40390625 0.2140625 0.178125
2 0.22578125 0.51953125 0.190625 0.15
2 0.3828125 0.43515625 0.175 0.2046875
2 0.46484375 0.5515625 0.1015625 0.0890625
2 0.41171875 0.6078125 0.2 0.1734375
2 0.57734375 0.5984375 0.1640625 0.1765625
2 0.49921875 0.459375 0.1390625 0.1109375
2 0.51796875 0.2734375 0.271875 0.2453125
2 0.7390625 0.49453125 0.1484375 0.2171875
2 0.9 0.6046875 0.2 0.259375
2 0.91328125 0.35 0.1609375 0.190625