2 0.7296875 0.39921875 0.21875 0.18125
2 0.9734375 0.57734375 0.053125 0.1484375
2 0.78828125 0.65390625 0.190625 0.14375
2 0.77265625 0.5328125 0.1703125 0.1203125
2 0.60234375 0.5859375 0.14375 0.18125
2 0.54453125 0.45625 0.0890625 0.0734375
2 0.60703125 0.4109375 0.1765625 0.1421875
2 0.44296875 0.38828125 0.1375 0.153125
2 0.49296875 0.53984375 0.125 0.0890625
2 0.4390625 0.71875 0.2375 0.203125
2 0.2640625 0.459375 0.1125 0.2
2 0.109375 0.31640625 0.1984375 0.225
2 0.065625 0.56875 0.13125 0.16875