2 0.2796875 0.6203125 0.234375 0.2
2 0.02734375 0.46328125 0.0546875 0.1515625
2 0.19921875 0.371875 0.203125 0.159375
2 0.22578125 0.49140625 0.1796875 0.134375
2 0.390625 0.4234375 0.159375 0.19375
2 0.459375 0.54765625 0.0953125 0.08125
2 0.40078125 0.5984375 0.1890625 0.1578125
2 0.56640625 0.60625 0.15 0.1640625
2 0.50390625 0.459375 0.1328125 0.1
2 0.54140625 0.2765625 0.2546875 0.2234375
2 0.73828125 0.51953125 0.1296875 0.209375
2 0.8984375 0.64921875 0.203125 0.2421875
2 0.9265625 0.39375 0.1453125 0.18125