2 0.54765625 0.225 0.2234375 0.21875
2 0.65546875 0.46015625 0.2234375 0.18125
2 0.92578125 0.64765625 0.1484375 0.2234375
2 0.04765625 0.52265625 0.0953125 0.1203125
2 0.0375 0.3671875 0.075 0.1921875
2 0.12734375 0.325 0.09375 0.06875
2 0.16015625 0.42734375 0.0921875 0.0578125
2 0.18125 0.56015625 0.10625 0.1234375
2 0.35078125 0.6265625 0.0875 0.0953125
2 0.26796875 0.41015625 0.09375 0.0921875
2 0.27265625 0.48203125 0.084375 0.109375
2 0.4578125 0.3875 0.06875 0.0921875
2 0.5515625 0.5578125 0.059375 0.078125
2 0.59453125 0.7359375 0.1140625 0.14375
2 0.49296875 0.759375 0.096875 0.0984375
2 0.4796875 0.64765625 0.075 0.08125
2 0.52421875 0.66015625 0.05 0.0890625
2 0.56015625 0.64296875 0.08125 0.059375
2 0.38046875 0.5359375 0.0671875 0.1421875
2 0.39921875 0.46328125 0.059375 0.071875