2 0.54765625 0.775 0.2234375 0.21875
2 0.65546875 0.53984375 0.2234375 0.1796875
2 0.92578125 0.35234375 0.1484375 0.2234375
2 0.04765625 0.47734375 0.0953125 0.1203125
2 0.0375 0.6328125 0.075 0.1921875
2 0.12734375 0.675 0.09375 0.0671875
2 0.16015625 0.57265625 0.0921875 0.0578125
2 0.18125 0.43984375 0.10625 0.1234375
2 0.35078125 0.3734375 0.0875 0.0953125
2 0.26796875 0.58984375 0.09375 0.0921875
2 0.27265625 0.51796875 0.084375 0.109375
2 0.4578125 0.6125 0.06875 0.0921875
2 0.5515625 0.4421875 0.059375 0.078125
2 0.59453125 0.2640625 0.1140625 0.1421875
2 0.49296875 0.240625 0.096875 0.0984375
2 0.4796875 0.35234375 0.075 0.08125
2 0.52421875 0.33984375 0.05 0.0890625
2 0.56015625 0.35703125 0.08125 0.059375
2 0.38046875 0.4640625 0.0671875 0.1421875
2 0.39921875 0.53671875 0.059375 0.071875