2 0.77890625 0.4890625 0.2609375 0.2640625
2 0.57109375 0.64375 0.2234375 0.25625
2 0.44375 0.925 0.25 0.15
2 0.38359375 0.0625 0.1375 0.11875
2 0.5328125 0.03828125 0.203125 0.0765625
2 0.59375 0.09921875 0.0875 0.10625
2 0.50078125 0.15234375 0.075 0.1015625
2 0.375 0.20078125 0.1421875 0.1296875
2 0.3453125 0.38046875 0.1109375 0.1046875
2 0.53984375 0.2546875 0.109375 0.1109375
2 0.4703125 0.27421875 0.125 0.1046875
2 0.6015625 0.43515625 0.1046875 0.0859375
2 0.45390625 0.5625 0.0890625 0.075
2 0.2890625 0.64140625 0.1640625 0.1421875
2 0.24453125 0.546875 0.1171875 0.115625
2 0.3515625 0.5109375 0.0953125 0.090625
2 0.3484375 0.55703125 0.096875 0.0671875
2 0.37265625 0.58828125 0.075 0.0921875
2 0.43984375 0.390625 0.153125 0.0953125
2 0.51484375 0.39375 0.0828125 0.0734375