2 0.228125 0.56171875 0.2296875 0.234375
2 0.46796875 0.65703125 0.190625 0.2328125
2 0.66953125 0.9171875 0.23125 0.159375
2 0.4984375 0.0484375 0.125 0.096875
2 0.34296875 0.0453125 0.1953125 0.084375
2 0.30546875 0.13671875 0.071875 0.096875
2 0.409375 0.1640625 0.0625 0.0953125
2 0.54375 0.17890625 0.128125 0.1125
2 0.61875 0.34453125 0.1 0.0921875
2 0.3984375 0.27265625 0.096875 0.0984375
2 0.4703125 0.27421875 0.1140625 0.090625
2 0.38515625 0.4640625 0.0953125 0.0734375
2 0.56015625 0.5484375 0.08125 0.0640625
2 0.740625 0.58203125 0.1484375 0.121875
2 0.75859375 0.4796875 0.103125 0.1015625
2 0.64609375 0.471875 0.084375 0.0796875
2 0.6609375 0.515625 0.0921875 0.0546875
2 0.64609375 0.55234375 0.0640625 0.084375
2 0.5296875 0.37890625 0.1453125 0.075
2 0.4578125 0.4015625 0.075 0.0625