2 0.14609375 0.47890625 0.115625 0.08125
2 0.2703125 0.3390625 0.16875 0.209375
2 0.34765625 0.421875 0.19375 0.1828125
2 0.39296875 0.57734375 0.08125 0.08125
2 0.2234375 0.778125 0.078125 0.0703125
2 0.3125 0.76484375 0.059375 0.115625
2 0.12890625 0.946875 0.0796875 0.10625
2 0.23828125 0.9140625 0.075 0.0984375
2 0.41953125 0.79296875 0.0890625 0.1390625
2 0.5109375 0.6484375 0.0859375 0.1390625
2 0.56484375 0.4921875 0.0953125 0.078125
2 0.63046875 0.5421875 0.078125 0.0734375
2 0.60703125 0.6015625 0.065625 0.0703125
2 0.57109375 0.58203125 0.0546875 0.0796875