2 0.85234375 0.53984375 0.1125 0.075
2 0.72109375 0.67265625 0.1578125 0.2015625
2 0.6484375 0.5859375 0.184375 0.1734375
2 0.6109375 0.428125 0.078125 0.0765625
2 0.790625 0.23671875 0.075 0.0671875
2 0.70078125 0.2453125 0.053125 0.1125
2 0.89375 0.071875 0.075 0.10625
2 0.7828125 0.1 0.0703125 0.0953125
2 0.5953125 0.21171875 0.0828125 0.134375
2 0.496875 0.3515625 0.0796875 0.134375
2 0.43515625 0.5046875 0.0921875 0.0734375
2 0.371875 0.45078125 0.075 0.0703125
2 0.3984375 0.39296875 0.0625 0.0671875
2 0.43359375 0.4140625 0.05 0.0765625