7 0.4390625 0.9171875 0.103125 0.165625
7 0.61953125 0.89140625 0.096875 0.140625
7 0.7234375 0.778125 0.09375 0.09375
7 0.3578125 0.45625 0.109375 0.18125
7 0.6421875 0.11328125 0.084375 0.090625
7 0.34296875 0.17734375 0.078125 0.115625
7 0.29921875 0.04765625 0.1171875 0.0953125
7 0.36640625 0.74296875 0.1328125 0.215625
7 0.56484375 0.44453125 0.109375 0.121875
7 0.7015625 0.25625 0.096875 0.103125
7 0.81953125 0.50234375 0.096875 0.11875
7 0.4109375 0.24140625 0.084375 0.171875
7 0.46328125 0.75234375 0.071875 0.1375
7 0.93359375 0.78359375 0.059375 0.153125