7 0.5390625 0.88359375 0.09765625 0.09375
7 0.53671875 0.75546875 0.09375 0.11484375
7 0.18125 0.29453125 0.1 0.11484375
7 0.05234375 0.365625 0.103125 0.225
7 0.409375 0.94453125 0.11484375 0.11015625
7 0.3453125 0.09609375 0.1234375 0.12265625
7 0.7921875 0.36015625 0.07421875 0.14609375
7 0.6859375 0.38671875 0.06953125 0.12265625
7 0.75234375 0.24375 0.08203125 0.07109375
7 0.86875 0.26015625 0.09140625 0.10390625
7 0.40234375 0.32265625 0.0671875 0.12890625
7 0.32734375 0.38359375 0.06015625 0.1875
7 0.684375 0.56015625 0.1125 0.09375
7 0.2359375 0.51875 0.0703125 0.16015625
7 0.484375 0.453125 0.10078125 0.09609375
7 0.63984375 0.959375 0.09375 0.08125
7 0.93359375 0.471875 0.05546875 0.14140625
7 0.82578125 0.83671875 0.084375 0.08359375
7 0.44375 0.09140625 0.0875 0.1828125
7 0.0921875 0.07578125 0.140625 0.1515625