7 0.1203125 0.565625 0.1 0.103125
7 0.24765625 0.5546875 0.121875 0.1015625
7 0.6828125 0.16796875 0.121875 0.1078125
7 0.603125 0.0515625 0.23125 0.103125
7 0.05390625 0.43984375 0.1078125 0.1234375
7 0.8921875 0.3171875 0.1296875 0.13125
7 0.66015625 0.78203125 0.1515625 0.084375
7 0.62578125 0.67734375 0.1265625 0.0765625
7 0.7734375 0.73359375 0.078125 0.0859375
7 0.76484375 0.85078125 0.109375 0.096875
7 0.6703125 0.38984375 0.1328125 0.0765625
7 0.60390625 0.31953125 0.190625 0.071875
7 0.453125 0.68828125 0.1015625 0.11875
7 0.4625 0.2375 0.1640625 0.08125
7 0.5453125 0.48125 0.103125 0.10625
7 0.0515625 0.671875 0.0875 0.0984375
7 0.55859375 0.93046875 0.14375 0.065625
7 0.18671875 0.8484375 0.090625 0.090625
7 0.90390625 0.415625 0.1890625 0.1
7 0.89453125 0.06953125 0.1609375 0.1390625