7 0.62421875 0.903125 0.128125 0.1796875
7 0.44296875 0.90546875 0.1171875 0.1546875
7 0.32265625 0.809375 0.1078125 0.1078125
7 0.63359375 0.434375 0.1359375 0.196875
7 0.29921875 0.140625 0.096875 0.103125
7 0.6046875 0.15703125 0.0953125 0.1265625
7 0.625 0.0390625 0.13125 0.078125
7 0.6703125 0.71875 0.165625 0.234375
7 0.42734375 0.45546875 0.1265625 0.1375
7 0.2625 0.290625 0.1125 0.1171875
7 0.18515625 0.55234375 0.1140625 0.1328125
7 0.54765625 0.23046875 0.1109375 0.1828125
7 0.57578125 0.74375 0.0921875 0.146875
7 0.11640625 0.84765625 0.0828125 0.1609375