4 0.83515625 0.36796875 0.12265625 0.24140625
4 0.8359375 0.55078125 0.16171875 0.21328125
4 0.73125 0.55546875 0.13203125 0.27734375
4 0.76171875 0.76796875 0.1296875 0.165625
4 0.81015625 0.95 0.1484375 0.09921875
4 0.09140625 0.45625 0.15703125 0.24921875
4 0.078125 0.69453125 0.13203125 0.1953125
4 0.11796875 0.91171875 0.11328125 0.1765625
4 0.3265625 0.89375 0.07421875 0.21171875
4 0.46015625 0.9015625 0.190625 0.18046875
4 0.48828125 0.7953125 0.17890625 0.13203125
4 0.59765625 0.603125 0.115625 0.24921875
4 0.35234375 0.525 0.071875 0.15234375
4 0.4640625 0.53671875 0.11640625 0.13515625
4 0.509375 0.21953125 0.34296875 0.43828125
4 0.57421875 0.29296875 0.24296875 0.3421875