4 0.8375 0.62578125 0.1265625 0.24375
4 0.83515625 0.44375 0.165625 0.2171875
4 0.73046875 0.440625 0.1359375 0.2796875
4 0.75703125 0.22734375 0.1328125 0.1671875
4 0.8015625 0.04765625 0.15 0.0953125
4 0.0921875 0.55078125 0.1625 0.253125
4 0.075 0.3125 0.1359375 0.196875
4 0.1109375 0.0953125 0.1171875 0.178125
4 0.31953125 0.109375 0.078125 0.2140625
4 0.453125 0.09921875 0.19375 0.184375
4 0.4828125 0.2046875 0.18125 0.134375
4 0.59609375 0.3953125 0.1203125 0.2515625
4 0.3515625 0.47734375 0.075 0.1546875
4 0.46328125 0.4640625 0.1171875 0.1359375
4 0.51328125 0.77890625 0.3515625 0.4421875
4 0.578125 0.70546875 0.25 0.346875
4 0.34609375 0.33671875 0.103125 0.1265625
4 0.58671875 0.0671875 0.1296875 0.121875