4 0.81640625 0.328125 0.15 0.253125
4 0.83984375 0.509375 0.1875 0.23125
4 0.7359375 0.5265625 0.1640625 0.2921875
4 0.7921875 0.734375 0.1484375 0.1796875
4 0.8625 0.90859375 0.159375 0.1171875
4 0.090625 0.50546875 0.18125 0.2671875
4 0.1046875 0.74453125 0.1546875 0.209375
4 0.17109375 0.93046875 0.1328125 0.1390625
4 0.375 0.90078125 0.1 0.1984375
4 0.50859375 0.90078125 0.2109375 0.1984375
4 0.52421875 0.79453125 0.1921875 0.1515625
4 0.609375 0.590625 0.1453125 0.2625
4 0.35625 0.54296875 0.090625 0.1609375
4 0.46875 0.540625 0.13125 0.146875
4 0.475 0.22890625 0.39375 0.4578125
4 0.5484375 0.28515625 0.284375 0.36875