4 0.215625 0.54375 0.43125 0.375
4 0.34453125 0.5859375 0.346875 0.2609375
4 0.3859375 0.85546875 0.2265625 0.159375
4 0.5734375 0.83359375 0.2359375 0.1828125
4 0.9578125 0.76875 0.084375 0.15
4 0.796875 0.72890625 0.190625 0.1359375
4 0.56875 0.7109375 0.2890625 0.1265625
4 0.6 0.57890625 0.303125 0.115625
4 0.8921875 0.41171875 0.215625 0.2046875
4 0.24921875 0.06640625 0.1734375 0.1046875
4 0.42890625 0.096875 0.2484375 0.19375
4 0.653125 0.07109375 0.234375 0.1421875
4 0.8734375 0.07421875 0.190625 0.1296875
4 0.871875 0.28828125 0.2265625 0.084375
4 0.53671875 0.3453125 0.2265625 0.11875
4 0.5359375 0.4734375 0.215625 0.1390625
4 0.9296875 0.56171875 0.140625 0.1828125