4 0.48046875 0.21015625 0.340625 0.40859375
4 0.428125 0.3375 0.2328125 0.32734375
4 0.15546875 0.35546875 0.14140625 0.21640625
4 0.1609375 0.54375 0.1640625 0.22109375
4 0.18984375 0.9484375 0.1421875 0.103125
4 0.24609375 0.77578125 0.11953125 0.18046875
4 0.28359375 0.55 0.10390625 0.28125
4 0.4125 0.59296875 0.090625 0.29765625
4 0.553125 0.89921875 0.1875 0.2015625
4 0.95390625 0.28828125 0.09140625 0.165625
4 0.91015625 0.46484375 0.17890625 0.234375
4 0.92578125 0.690625 0.1484375 0.221875
4 0.89140625 0.909375 0.1140625 0.18046875
4 0.678125 0.8890625 0.065625 0.221875
4 0.65078125 0.55 0.1 0.21796875
4 0.5234375 0.53828125 0.121875 0.20625
4 0.4 0.9296875 0.17265625 0.140625