7 0.559375 0.9171875 0.103125 0.165625
7 0.38046875 0.89140625 0.09765625 0.13984375
7 0.2765625 0.778125 0.09296875 0.09375
7 0.6421875 0.45625 0.109375 0.18125
7 0.3578125 0.11328125 0.084375 0.09140625
7 0.65703125 0.17734375 0.07890625 0.11640625
7 0.69921875 0.04765625 0.1171875 0.0953125
7 0.63359375 0.74296875 0.1328125 0.21484375
7 0.43515625 0.44453125 0.11015625 0.12109375
7 0.2984375 0.25625 0.09765625 0.10390625
7 0.18046875 0.50234375 0.09765625 0.11875
7 0.5890625 0.24140625 0.084375 0.17109375
7 0.53671875 0.75234375 0.07265625 0.1375
7 0.06640625 0.78359375 0.06015625 0.15390625