10 0.1484375 0.13203125 0.2546875 0.134375
10 0.53359375 0.071875 0.18125 0.14375
10 0.665625 0.221875 0.1015625 0.1203125
10 0.7140625 0.38359375 0.1765625 0.1625
10 0.2578125 0.33515625 0.2171875 0.14375
10 0.02734375 0.38046875 0.0546875 0.078125
10 0.12265625 0.5984375 0.0984375 0.1453125
10 0.34140625 0.96796875 0.21875 0.0640625
10 0.475 0.91875 0.1640625 0.1625
10 0.778125 0.9578125 0.1453125 0.084375
10 0.91328125 0.79296875 0.065625 0.159375
10 0.840625 0.54375 0.121875 0.1328125
10 0.840625 0.6296875 0.2796875 0.1125
10 0.55390625 0.56171875 0.284375 0.1546875