10 0.50625 0.8328125 0.075 0.06875
10 0.4421875 0.7328125 0.046875 0.0609375
10 0.5234375 0.73515625 0.0859375 0.0625
10 0.43984375 0.63671875 0.13125 0.0890625
10 0.38203125 0.8515625 0.034375 0.0359375
10 0.38125 0.81796875 0.0421875 0.05
10 0.33359375 0.84921875 0.0421875 0.040625
10 0.3109375 0.73984375 0.071875 0.059375
10 0.22734375 0.7390625 0.0328125 0.096875
10 0.1984375 0.84140625 0.0796875 0.065625
10 0.0890625 0.92890625 0.0765625 0.075
10 0.1296875 0.83671875 0.034375 0.0625
10 0.059375 0.69140625 0.040625 0.0296875
10 0.08203125 0.590625 0.0390625 0.1296875
10 0.1703125 0.646875 0.115625 0.0734375
10 0.14921875 0.73515625 0.0421875 0.03125
10 0.178125 0.7640625 0.0515625 0.0328125
10 0.11015625 0.42109375 0.065625 0.053125
10 0.11015625 0.37265625 0.0421875 0.0421875
10 0.2515625 0.54609375 0.0421875 0.15625
10 0.07734375 0.2734375 0.0484375 0.059375
10 0.121875 0.14296875 0.0328125 0.0609375
10 0.175 0.1234375 0.0546875 0.078125
10 0.55859375 0.47890625 0.0875 0.0421875
10 0.49140625 0.5578125 0.00625 0.0171875
10 0.67109375 0.80234375 0.09375 0.04375
10 0.48125 0.52890625 0.0109375 0.0140625
10 0.3359375 0.403125 0.1 0.0734375
10 0.3875 0.27890625 0.0734375 0.10625
10 0.3328125 0.25546875 0.034375 0.075
10 0.3 0.04765625 0.0953125 0.0625
10 0.32421875 0.140625 0.06875 0.0515625
10 0.5078125 0.24375 0.028125 0.0625
10 0.49609375 0.31328125 0.0375 0.0609375
10 0.5234375 0.32734375 0.0140625 0.040625
10 0.5328125 0.3640625 0.071875 0.0328125
10 0.52734375 0.403125 0.05625 0.028125
10 0.81640625 0.353125 0.05 0.0375
10 0.97890625 0.3359375 0.0296875 0.03125
10 0.9703125 0.44140625 0.0453125 0.028125
10 0.8671875 0.58984375 0.059375 0.053125
10 0.8015625 0.49375 0.071875 0.0453125
10 0.81875 0.86640625 0.05625 0.0625
10 0.47734375 0.11640625 0.0453125 0.0609375
10 0.39375 0.15625 0.0765625 0.0875
10 0.4234375 0.22734375 0.0515625 0.04375
10 0.4078125 0.0328125 0.071875 0.05625
10 0.80546875 0.6234375 0.05625 0.0328125
10 0.76796875 0.565625 0.053125 0.05
10 0.79921875 0.675 0.0546875 0.0203125
10 0.75703125 0.78125 0.0515625 0.034375