10 0.12734375 0.8671875 0.0453125 0.1140625
10 0.0703125 0.95390625 0.0984375 0.0625
10 0.00703125 0.87109375 0.0140625 0.0390625
10 0.10546875 0.68984375 0.0515625 0.0625
10 0.028125 0.64296875 0.05625 0.1140625
10 0.04296875 0.4671875 0.0328125 0.0484375
10 0.9015625 0.85859375 0.084375 0.0390625
10 0.88515625 0.78515625 0.0578125 0.0890625
10 0.81640625 0.546875 0.1203125 0.0640625
10 0.63203125 0.61484375 0.05625 0.0578125
10 0.609375 0.83515625 0.0828125 0.0484375
10 0.56171875 0.7296875 0.2171875 0.1421875
10 0.43203125 0.840625 0.165625 0.08125
10 0.38984375 0.83515625 0.0671875 0.109375
10 0.42734375 0.59453125 0.103125 0.0734375
10 0.5453125 0.48046875 0.103125 0.053125
10 0.484375 0.28984375 0.103125 0.13125
10 0.35859375 0.25078125 0.1203125 0.0828125
10 0.346875 0.34140625 0.078125 0.08125
10 0.41953125 0.15390625 0.171875 0.121875
10 0.34765625 0.0375 0.1546875 0.075
10 0.58359375 0.16484375 0.0328125 0.0828125
10 0.621875 0.09765625 0.040625 0.03125
10 0.2921875 0.334375 0.0328125 0.04375