10 0.46171875 0.23359375 0.04375 0.065625
10 0.5265625 0.26171875 0.0546875 0.0609375
10 0.6625 0.24375 0.09375 0.046875
10 0.7328125 0.22890625 0.0421875 0.0640625
10 0.7859375 0.1859375 0.05625 0.0703125
10 0.86328125 0.2109375 0.075 0.1140625
10 0.975 0.28828125 0.05 0.0890625
10 0.9859375 0.4765625 0.025 0.0453125
10 0.9328125 0.5125 0.0359375 0.065625
10 0.84375 0.503125 0.0578125 0.05
10 0.79140625 0.51796875 0.034375 0.0671875
10 0.71640625 0.47578125 0.0828125 0.0484375
10 0.63828125 0.48125 0.0421875 0.0796875
10 0.5625 0.546875 0.0390625 0.0515625
10 0.65546875 0.56484375 0.0265625 0.040625
10 0.80703125 0.7921875 0.0375 0.046875
10 0.9828125 0.87890625 0.034375 0.0640625
10 0.72421875 0.8625 0.084375 0.0515625
10 0.6890625 0.7765625 0.0671875 0.071875
10 0.646875 0.88046875 0.0484375 0.08125
10 0.5765625 0.7703125 0.0703125 0.05
10 0.5203125 0.80078125 0.0390625 0.0640625
10 0.57734375 0.7171875 0.0734375 0.0421875
10 0.378125 0.7171875 0.021875 0.028125
10 0.48515625 0.57109375 0.025 0.0890625
10 0.4453125 0.56171875 0.0421875 0.0359375
10 0.43203125 0.3859375 0.025 0.046875
10 0.34296875 0.29921875 0.0625 0.05625
10 0.28671875 0.303125 0.025 0.0453125
10 0.18515625 0.33515625 0.0609375 0.0515625
10 0.1046875 0.40546875 0.0484375 0.0609375
10 0.12421875 0.478125 0.0421875 0.04375
10 0.08125 0.4828125 0.01875 0.05625
10 0.18671875 0.440625 0.08125 0.0734375
10 0.21328125 0.509375 0.075 0.0375
10 0.16484375 0.5625 0.0515625 0.0453125
10 0.29921875 0.41171875 0.0859375 0.0796875
10 0.43515625 0.29140625 0.0859375 0.0953125
10 0.68203125 0.33984375 0.0359375 0.025