10 0.11328125 0.1921875 0.040625 0.128125
10 0.18828125 0.29296875 0.075 0.0890625
10 0.17890625 0.3828125 0.115625 0.09375
10 0.4828125 0.2375 0.08125 0.10625
10 0.53203125 0.38203125 0.034375 0.1546875
10 0.4359375 0.51328125 0.0828125 0.10625
10 0.42265625 0.60703125 0.115625 0.071875
10 0.290625 0.57265625 0.11875 0.0765625
10 0.2375 0.66953125 0.0515625 0.1046875
10 0.6015625 0.38203125 0.05625 0.096875
10 0.7171875 0.36015625 0.04375 0.0921875
10 0.784375 0.3765625 0.075 0.078125
10 0.87265625 0.41875 0.0921875 0.1203125
10 0.98671875 0.509375 0.0265625 0.053125
10 0.840625 0.546875 0.0671875 0.10625
10 0.671875 0.584375 0.0703125 0.1109375
10 0.6 0.68359375 0.0671875 0.10625
10 0.75859375 0.77578125 0.0484375 0.0796875
10 0.8046875 0.94453125 0.1015625 0.1109375
10 0.8984375 0.63671875 0.053125 0.0453125