10 0.06875 0.23125 0.05625 0.0828125
10 0.1609375 0.22109375 0.1078125 0.05625
10 0.0453125 0.34453125 0.0890625 0.0625
10 0.1390625 0.3546875 0.0765625 0.06875
10 0.240625 0.36953125 0.0953125 0.0921875
10 0.0453125 0.50078125 0.090625 0.078125
10 0.03359375 0.6203125 0.0671875 0.1015625
10 0.32890625 0.64375 0.1078125 0.0671875
10 0.40546875 0.36640625 0.0578125 0.0640625
10 0.415625 0.43984375 0.05625 0.059375
10 0.57578125 0.290625 0.0796875 0.1046875
10 0.53828125 0.4140625 0.040625 0.0609375
10 0.51328125 0.475 0.046875 0.0484375
10 0.5109375 0.546875 0.0703125 0.0484375
10 0.3359375 0.64375 0.09375 0.0828125
10 0.2953125 0.78046875 0.078125 0.0546875
10 0.3875 0.78359375 0.078125 0.0859375
10 0.46953125 0.7765625 0.06875 0.06875
10 0.4296875 0.6796875 0.0390625 0.0703125
10 0.63984375 0.47109375 0.0578125 0.075
10 0.6828125 0.38515625 0.0359375 0.0765625
10 0.73359375 0.39453125 0.0296875 0.0609375
10 0.88359375 0.36484375 0.078125 0.05
10 0.853125 0.41171875 0.04375 0.0546875
10 0.81796875 0.490625 0.028125 0.059375