10 0.3953125 0.33203125 0.059375 0.03125
10 0.3625 0.55078125 0.128125 0.059375
10 0.2046875 0.571875 0.09375 0.0421875
10 0.24609375 0.7578125 0.059375 0.01875
10 0.30625 0.85078125 0.125 0.1046875
10 0.3890625 0.74140625 0.065625 0.059375
10 0.46015625 0.6546875 0.125 0.065625
10 0.36484375 0.63046875 0.0328125 0.06875
10 0.503125 0.73671875 0.0671875 0.03125
10 0.50546875 0.70390625 0.046875 0.028125
10 0.59609375 0.75625 0.08125 0.0515625
10 0.48984375 0.8765625 0.025 0.0359375
10 0.90390625 0.6609375 0.15 0.078125
10 0.8484375 0.24609375 0.0390625 0.05625
10 0.9421875 0.2453125 0.0421875 0.0515625
10 0.98203125 0.4109375 0.0359375 0.05
10 0.60703125 0.4046875 0.0828125 0.075
10 0.55546875 0.55390625 0.090625 0.0359375
10 0.49609375 0.5484375 0.03125 0.04375
10 0.540625 0.50625 0.0328125 0.0359375
10 0.959375 0.8203125 0.08125 0.115625
10 0.98125 0.93046875 0.0375 0.05625
10 0.96953125 0.9734375 0.0609375 0.0390625
10 0.909375 0.9875 0.05 0.025
10 0.978125 0.49921875 0.0390625 0.0609375