10 0.05703125 0.1671875 0.0515625 0.0921875
10 0.3265625 0.18671875 0.09375 0.0796875
10 0.32109375 0.38359375 0.1171875 0.1171875
10 0.02265625 0.23046875 0.0453125 0.103125
10 0.0640625 0.24765625 0.0296875 0.0484375
10 0.01875 0.3703125 0.0375 0.0625
10 0.1484375 0.321875 0.0765625 0.075
10 0.0625 0.3578125 0.0421875 0.1078125
10 0.08671875 0.28671875 0.0515625 0.0515625
10 0.09375 0.47109375 0.046875 0.140625
10 0.0890625 0.56640625 0.05625 0.0359375
10 0.0703125 0.6265625 0.0765625 0.0625
10 0.05390625 0.72109375 0.040625 0.0953125
10 0.078125 0.871875 0.06875 0.15625
10 0.16640625 0.871875 0.0703125 0.075
10 0.1484375 0.6625 0.0875 0.10625
10 0.165625 0.4375 0.0765625 0.1453125
10 0.2296875 0.38046875 0.0375 0.090625
10 0.52578125 0.278125 0.0890625 0.1890625
10 0.44140625 0.38828125 0.065625 0.0828125
10 0.21640625 0.8296875 0.125 0.125
10 0.43359375 0.825 0.1640625 0.115625
10 0.60234375 0.76484375 0.1375 0.075
10 0.61953125 0.596875 0.153125 0.125
10 0.51015625 0.62421875 0.04375 0.190625
10 0.3875 0.62890625 0.178125 0.10625
10 0.428125 0.5140625 0.1609375 0.10625
10 0.62578125 0.196875 0.109375 0.1609375
10 0.78359375 0.21171875 0.16875 0.1703125
10 0.91640625 0.32890625 0.04375 0.0984375
10 0.78125 0.36015625 0.15625 0.06875
10 0.825 0.434375 0.0546875 0.0640625
10 0.6453125 0.4265625 0.0890625 0.1171875
10 0.9890625 0.3390625 0.021875 0.084375