10 0.48203125 0.16796875 0.0734375 0.065625
10 0.55 0.265625 0.0453125 0.059375
10 0.46875 0.265625 0.084375 0.059375
10 0.55546875 0.3609375 0.128125 0.084375
10 0.60546875 0.14453125 0.0328125 0.034375
10 0.6078125 0.178125 0.040625 0.0484375
10 0.65390625 0.1453125 0.040625 0.0390625
10 0.68046875 0.25390625 0.0703125 0.05625
10 0.7640625 0.2515625 0.0296875 0.0953125
10 0.78984375 0.1484375 0.078125 0.0625
10 0.89609375 0.05703125 0.0734375 0.071875
10 0.85859375 0.15078125 0.0328125 0.0609375
10 0.93359375 0.29296875 0.0390625 0.028125
10 0.91484375 0.39453125 0.034375 0.128125
10 0.82421875 0.34140625 0.1125 0.0703125
10 0.8421875 0.253125 0.040625 0.0296875
10 0.8125 0.225 0.05 0.03125
10 0.8921875 0.565625 0.0640625 0.0515625
10 0.89375 0.61328125 0.040625 0.040625
10 0.746875 0.4453125 0.0375 0.1546875
10 0.93046875 0.71171875 0.046875 0.0578125
10 0.890625 0.84375 0.03125 0.059375
10 0.83828125 0.86484375 0.0515625 0.0765625
10 0.4421875 0.5234375 0.0859375 0.0390625
10 0.50625 0.4421875 0.00625 0.0171875
10 0.31875 0.20390625 0.0921875 0.040625
10 0.51796875 0.4703125 0.0109375 0.0140625
10 0.6671875 0.59140625 0.096875 0.0703125
10 0.6203125 0.7171875 0.0703125 0.103125
10 0.67578125 0.73828125 0.03125 0.0734375
10 0.715625 0.9453125 0.09375 0.059375
10 0.68828125 0.853125 0.0671875 0.05
10 0.50078125 0.75625 0.0265625 0.0609375
10 0.51015625 0.68671875 0.0359375 0.059375
10 0.4828125 0.6734375 0.0125 0.040625
10 0.471875 0.63671875 0.0703125 0.0296875
10 0.47578125 0.59765625 0.0546875 0.0265625
10 0.1890625 0.6578125 0.0484375 0.0359375
10 0.02734375 0.68046875 0.028125 0.0296875
10 0.03203125 0.575 0.04375 0.0265625
10 0.1296875 0.42265625 0.0578125 0.0515625
10 0.1984375 0.51640625 0.0703125 0.0421875
10 0.16875 0.1453125 0.0546875 0.0609375
10 0.5359375 0.8828125 0.04375 0.059375
10 0.61796875 0.83984375 0.0734375 0.084375
10 0.5859375 0.76953125 0.05 0.0421875
10 0.60859375 0.9640625 0.0703125 0.053125
10 0.190625 0.3875 0.0546875 0.03125
10 0.2296875 0.44375 0.0515625 0.0484375
10 0.19453125 0.3359375 0.0546875 0.01875
10 0.23359375 0.228125 0.05 0.0328125