10 0.778125 0.05078125 0.1609375 0.0953125
10 0.93046875 0.14609375 0.1390625 0.1921875
10 0.7625 0.42109375 0.090625 0.1390625
10 0.6484375 0.55234375 0.1046875 0.146875
10 0.56171875 0.6828125 0.0796875 0.121875
10 0.5671875 0.8859375 0.084375 0.1859375
10 0.48671875 0.78125 0.05625 0.1109375
10 0.478125 0.58828125 0.1265625 0.0265625
10 0.4859375 0.64453125 0.0671875 0.06875
10 0.41796875 0.971875 0.0515625 0.0546875
10 0.47421875 0.13515625 0.1796875 0.2171875
10 0.1296875 0.21953125 0.0625 0.11875
10 0.03515625 0.01328125 0.0546875 0.0265625
10 0.5640625 0.4171875 0.06875 0.1703125
10 0.459375 0.46875 0.0796875 0.090625
10 0.45 0.36171875 0.121875 0.1125
10 0.64140625 0.68359375 0.0421875 0.0171875