10 0.36328125 0.23828125 0.0546875 0.075
10 0.3671875 0.32578125 0.10625 0.0546875
10 0.38515625 0.3875 0.0703125 0.065625
10 0.28515625 0.3921875 0.0671875 0.0640625
10 0.2140625 0.4359375 0.0421875 0.0546875
10 0.1234375 0.459375 0.053125 0.0578125
10 0.12734375 0.64921875 0.1234375 0.0703125
10 0.3828125 0.7140625 0.040625 0.090625
10 0.33203125 0.57578125 0.0328125 0.059375
10 0.5140625 0.34921875 0.0890625 0.084375
10 0.53515625 0.2375 0.1328125 0.096875
10 0.65 0.3375 0.0765625 0.046875
10 0.640625 0.43671875 0.06875 0.0375
10 0.8421875 0.2734375 0.0828125 0.0609375
10 0.90234375 0.35625 0.0296875 0.034375
10 0.89375 0.4375 0.046875 0.0515625
10 0.74765625 0.29921875 0.0328125 0.046875
10 0.2046875 0.5296875 0.071875 0.0625