10 0.89140625 0.27734375 0.1890625 0.1984375
10 0.67265625 0.3171875 0.11875 0.1203125
10 0.628125 0.46171875 0.1109375 0.1328125
10 0.54453125 0.5640625 0.1328125 0.0875
10 0.58671875 0.67890625 0.2234375 0.1328125
10 0.43984375 0.41953125 0.259375 0.1546875
10 0.271875 0.5765625 0.13125 0.0953125
10 0.20859375 0.66875 0.0828125 0.065625
10 0.13125 0.78046875 0.190625 0.1640625
10 0.296875 0.7109375 0.0734375 0.159375
10 0.46953125 0.71953125 0.034375 0.0515625
10 0.77265625 0.753125 0.034375 0.1
10 0.8375 0.746875 0.075 0.13125