10 0.3859375 0.01484375 0.084375 0.0296875
10 0.84765625 0.08984375 0.103125 0.0671875
10 0.5328125 0.015625 0.071875 0.03125
10 0.43984375 0.05859375 0.0578125 0.05
10 0.43984375 0.13125 0.109375 0.1125
10 0.5140625 0.12578125 0.0375 0.0515625
10 0.534375 0.19765625 0.0609375 0.0453125
10 0.67734375 0.35546875 0.0578125 0.08125
10 0.56953125 0.27890625 0.090625 0.0625
10 0.5796875 0.23515625 0.0265625 0.01875
10 0.45703125 0.2875 0.0546875 0.0609375
10 0.25546875 0.1484375 0.071875 0.0515625
10 0.13515625 0.2421875 0.0734375 0.0421875
10 0.1515625 0.4234375 0.0625 0.025
10 0.25703125 0.278125 0.046875 0.0625
10 0.31875 0.246875 0.075 0.078125
10 0.24609375 0.4296875 0.040625 0.0578125
10 0.38984375 0.2875 0.0453125 0.04375
10 0.415625 0.27109375 0.0171875 0.046875
10 0.396875 0.4765625 0.0578125 0.04375
10 0.56171875 0.3796875 0.1125 0.1109375
10 0.6265625 0.484375 0.0421875 0.0578125
10 0.5671875 0.53984375 0.1171875 0.05
10 0.46640625 0.66328125 0.075 0.10625
10 0.340625 0.55390625 0.0265625 0.05625
10 0.3921875 0.43046875 0.046875 0.0359375
10 0.28203125 0.35 0.0875 0.0390625
10 0.31171875 0.38046875 0.0234375 0.021875
10 0.39765625 0.3625 0.0328125 0.034375