10 0.82421875 0.08125 0.1765625 0.1625
10 0.88203125 0.2859375 0.134375 0.1984375
10 0.92890625 0.515625 0.1375 0.2234375
10 0.953125 0.76328125 0.09375 0.2578125
10 0.83359375 0.75390625 0.1671875 0.375
10 0.74140625 0.4140625 0.1703125 0.3359375
10 0.6703125 0.13515625 0.14375 0.2703125
10 0.53125 0.2328125 0.16875 0.1578125
10 0.56796875 0.38671875 0.1578125 0.18125
10 0.63671875 0.67734375 0.1734375 0.36875
10 0.38984375 0.35390625 0.16875 0.3796875
10 0.4796875 0.71640625 0.146875 0.3484375
10 0.2484375 0.54765625 0.228125 0.5328125
10 0.1140625 0.5515625 0.228125 0.575