10 0.38203125 0.2296875 0.059375 0.078125
10 0.3796875 0.3171875 0.109375 0.0625
10 0.39296875 0.3796875 0.075 0.0703125
10 0.29296875 0.37734375 0.071875 0.06875
10 0.21953125 0.41640625 0.0453125 0.0578125
10 0.12734375 0.43359375 0.05625 0.0609375
10 0.11796875 0.62265625 0.128125 0.078125
10 0.36796875 0.70546875 0.046875 0.09375
10 0.32734375 0.5640625 0.0375 0.0609375
10 0.52421875 0.35078125 0.0953125 0.090625
10 0.553125 0.240625 0.1390625 0.10625
10 0.6609375 0.3484375 0.0796875 0.0515625
10 0.64453125 0.446875 0.071875 0.0421875
10 0.85703125 0.29765625 0.0875 0.0671875
10 0.91171875 0.384375 0.03125 0.0359375
10 0.896875 0.46484375 0.05 0.0546875
10 0.7609375 0.3171875 0.0359375 0.0484375
10 0.203125 0.509375 0.0765625 0.0671875