10 0.859375 0.1203125 0.0421875 0.1125
10 0.91328125 0.03125 0.096875 0.059375
10 0.98671875 0.1109375 0.0265625 0.0375
10 0.8875 0.296875 0.05 0.0609375
10 0.96953125 0.340625 0.0609375 0.1125
10 0.9578125 0.5171875 0.03125 0.046875
10 0.0859375 0.15546875 0.0828125 0.0359375
10 0.10546875 0.228125 0.0546875 0.0875
10 0.18203125 0.4640625 0.11875 0.059375
10 0.3640625 0.38984375 0.0546875 0.05625
10 0.37890625 0.16875 0.08125 0.0453125
10 0.43046875 0.27265625 0.2125 0.134375
10 0.55625 0.15703125 0.1625 0.075
10 0.5984375 0.1609375 0.0640625 0.1078125
10 0.56953125 0.403125 0.1 0.0703125
10 0.45546875 0.52109375 0.1015625 0.05
10 0.52265625 0.709375 0.0984375 0.128125
10 0.65 0.74375 0.1171875 0.078125
10 0.65859375 0.653125 0.075 0.078125
10 0.5921875 0.84296875 0.1671875 0.115625
10 0.66796875 0.9609375 0.1515625 0.078125
10 0.428125 0.8375 0.0296875 0.08125
10 0.3921875 0.90625 0.0390625 0.0296875
10 0.71328125 0.65859375 0.03125 0.0421875