10 0.12265625 0.17109375 0.2453125 0.1609375
10 0.48828125 0.07578125 0.1953125 0.1515625
10 0.6359375 0.20625 0.1140625 0.1296875
10 0.70078125 0.36171875 0.1921875 0.1796875
10 0.2421875 0.36171875 0.23125 0.165625
10 0.02421875 0.43046875 0.0484375 0.0828125
10 0.13515625 0.6375 0.1125 0.1546875
10 0.390625 0.96953125 0.225 0.0609375
10 0.51796875 0.91484375 0.1796875 0.1703125
10 0.82421875 0.9265625 0.153125 0.0984375
10 0.94140625 0.7484375 0.08125 0.165625
10 0.84296875 0.5078125 0.134375 0.1453125
10 0.85234375 0.59375 0.290625 0.140625
10 0.56015625 0.55546875 0.2984375 0.1828125