10 0.44921875 0.03515625 0.1203125 0.0703125
10 0.25078125 0.040625 0.1015625 0.08125
10 0.13359375 0.04453125 0.0859375 0.0890625
10 0.06875 0.21640625 0.0359375 0.0515625
10 0.27109375 0.3390625 0.1609375 0.096875
10 0.04375 0.52265625 0.0875 0.1328125
10 0.146875 0.68359375 0.065625 0.059375
10 0.221875 0.56015625 0.0703125 0.109375
10 0.34921875 0.62421875 0.1015625 0.096875
10 0.459375 0.60078125 0.103125 0.08125
10 0.40390625 0.4703125 0.1171875 0.121875
10 0.5265625 0.45546875 0.10625 0.0953125
10 0.5640625 0.4015625 0.0640625 0.0453125
10 0.65390625 0.44609375 0.109375 0.0828125
10 0.8234375 0.66015625 0.1 0.09375
10 0.97421875 0.55390625 0.0515625 0.05
10 0.8875 0.709375 0.0515625 0.078125
10 0.646875 0.65390625 0.0796875 0.0734375
10 0.46640625 0.7328125 0.10625 0.075
10 0.6109375 0.94453125 0.065625 0.0640625