10 0.69609375 0.31171875 0.1 0.096875
10 0.48046875 0.15078125 0.096875 0.090625
10 0.42421875 0.13046875 0.05625 0.053125
10 0.4390625 0.0515625 0.053125 0.0515625
10 0.3078125 0.140625 0.0453125 0.065625
10 0.15234375 0.13125 0.046875 0.0421875
10 0.1578125 0.0875 0.0578125 0.0453125
10 0.19375 0.3515625 0.096875 0.0875
10 0.071875 0.446875 0.078125 0.046875
10 0.125 0.58515625 0.1078125 0.075
10 0.26953125 0.41953125 0.0671875 0.0828125
10 0.103125 0.6703125 0.04375 0.03125
10 0.2875 0.62890625 0.0703125 0.05
10 0.35546875 0.73203125 0.090625 0.0765625
10 0.475 0.7234375 0.0703125 0.0734375
10 0.35078125 0.32109375 0.0609375 0.0765625
10 0.3640625 0.41484375 0.0734375 0.1125
10 0.3390625 0.48046875 0.05 0.075
10 0.3109375 0.5625 0.075 0.075
10 0.4984375 0.43359375 0.09375 0.0671875
10 0.6140625 0.4375 0.0734375 0.071875
10 0.42421875 0.44453125 0.0625 0.09375
10 0.4671875 0.52265625 0.0625 0.0453125
10 0.39453125 0.496875 0.0296875 0.0265625
10 0.375 0.55 0.0515625 0.0453125
10 0.3515625 0.61171875 0.059375 0.0609375
10 0.81328125 0.4 0.0640625 0.0609375
10 0.859375 0.4296875 0.0390625 0.065625
10 0.8890625 0.425 0.028125 0.0453125
10 0.9109375 0.54140625 0.0625 0.0625
10 0.8703125 0.49375 0.04375 0.0578125
10 0.8375 0.48515625 0.0328125 0.0421875
10 0.89921875 0.67265625 0.0734375 0.06875
10 0.80390625 0.7625 0.0828125 0.1046875
10 0.68671875 0.73125 0.08125 0.146875
10 0.5984375 0.70703125 0.05625 0.0578125
10 0.56484375 0.746875 0.0515625 0.05
10 0.67265625 0.853125 0.065625 0.065625
10 0.62421875 0.8546875 0.0640625 0.0859375
10 0.5796875 0.84609375 0.0625 0.0921875
10 0.5390625 0.87578125 0.0734375 0.1296875
10 0.5375 0.975 0.06875 0.05
10 0.49375 0.2078125 0.08125 0.04375
10 0.53671875 0.58125 0.0421875 0.03125
10 0.51015625 0.6078125 0.034375 0.0578125
10 0.4859375 0.62109375 0.0390625 0.053125
10 0.45 0.63203125 0.0421875 0.0375
10 0.53125 0.640625 0.028125 0.021875
10 0.50078125 0.675 0.025 0.0171875