10 0.53359375 0.24609375 0.04375 0.0796875
10 0.58359375 0.25546875 0.0421875 0.0390625
10 0.6390625 0.22734375 0.040625 0.0875
10 0.36171875 0.43515625 0.0625 0.053125
10 0.3640625 0.371875 0.0375 0.0515625
10 0.1609375 0.35703125 0.0671875 0.0703125
10 0.04921875 0.49453125 0.05 0.075
10 0.04453125 0.7125 0.0578125 0.13125
10 0.0484375 0.94765625 0.0796875 0.040625
10 0.05078125 0.9890625 0.0703125 0.021875
10 0.13046875 0.7765625 0.065625 0.08125
10 0.2359375 0.79296875 0.096875 0.071875
10 0.30859375 0.828125 0.04375 0.096875
10 0.4359375 0.78203125 0.153125 0.0546875
10 0.3359375 0.64453125 0.0828125 0.0609375
10 0.275 0.57890625 0.0390625 0.0421875
10 0.29375 0.49921875 0.03125 0.040625
10 0.52734375 0.621875 0.1140625 0.071875
10 0.66171875 0.6921875 0.1140625 0.1046875
10 0.77265625 0.69765625 0.0515625 0.05625
10 0.72421875 0.8984375 0.0734375 0.08125
10 0.85625 0.9140625 0.0484375 0.06875
10 0.9625 0.6296875 0.0734375 0.1046875
10 0.87578125 0.54453125 0.0890625 0.065625
10 0.8296875 0.46328125 0.04375 0.0484375
10 0.88984375 0.33203125 0.0484375 0.0703125
10 0.82421875 0.34296875 0.0515625 0.0484375
10 0.79609375 0.30390625 0.059375 0.03125
10 0.6546875 0.3640625 0.0875 0.05
10 0.63984375 0.415625 0.046875 0.0390625
10 0.65859375 0.4890625 0.05625 0.065625
10 0.13671875 0.715625 0.1 0.05625