10 0.57421875 0.2203125 0.0640625 0.053125
10 0.9703125 0.1515625 0.059375 0.071875
10 0.740625 0.3046875 0.034375 0.0640625
10 0.76796875 0.30625 0.0140625 0.040625
10 0.66015625 0.4 0.0390625 0.046875
10 0.41015625 0.4 0.0546875 0.0515625
10 0.4203125 0.47734375 0.115625 0.0734375
10 0.3609375 0.6625 0.0609375 0.025
10 0.35625 0.7171875 0.1 0.065625
10 0.06640625 0.803125 0.1234375 0.18125
10 0.071875 0.5078125 0.078125 0.0609375
10 0.009375 0.54765625 0.01875 0.1015625
10 0.1578125 0.70078125 0.0640625 0.03125
10 0.165625 0.43671875 0.0296875 0.0578125
10 0.77578125 0.5734375 0.08125 0.0765625
10 0.9484375 0.578125 0.103125 0.1
10 0.7203125 0.66875 0.121875 0.0578125
10 0.6390625 0.61015625 0.078125 0.0359375
10 0.60859375 0.65703125 0.09375 0.046875
10 0.625 0.4484375 0.0359375 0.046875
10 0.64609375 0.56015625 0.0859375 0.046875
10 0.453125 0.6140625 0.0375 0.0546875
10 0.3515625 0.96015625 0.0453125 0.065625