10 0.94921875 0.73828125 0.0625 0.0859375
10 0.8578125 0.7546875 0.1109375 0.0640625
10 0.95859375 0.6234375 0.0828125 0.06875
10 0.8703125 0.61953125 0.08125 0.0734375
10 0.76796875 0.61171875 0.1015625 0.0984375
10 0.953125 0.4671875 0.09375 0.084375
10 0.95703125 0.34765625 0.0734375 0.10625
10 0.6609375 0.34453125 0.1125 0.075
10 0.60390625 0.6265625 0.0625 0.0671875
10 0.58828125 0.55390625 0.0609375 0.0625
10 0.4390625 0.7140625 0.0875 0.109375
10 0.46796875 0.58828125 0.0453125 0.0640625
10 0.48828125 0.52578125 0.05 0.0515625
10 0.4859375 0.45390625 0.0734375 0.053125
10 0.65390625 0.3453125 0.1 0.0890625
10 0.684375 0.20625 0.08125 0.059375
10 0.5921875 0.209375 0.084375 0.090625
10 0.5109375 0.221875 0.0734375 0.0734375
10 0.5578125 0.315625 0.04375 0.0734375
10 0.3625 0.53828125 0.0625 0.078125
10 0.32578125 0.62734375 0.040625 0.078125
10 0.27421875 0.621875 0.034375 0.0625
10 0.1265625 0.66171875 0.08125 0.0546875
10 0.15390625 0.6125 0.046875 0.0578125
10 0.18359375 0.53125 0.0328125 0.0609375