10 0.4 0.34609375 0.078125 0.121875
10 0.325 0.43671875 0.109375 0.053125
10 0.18671875 0.56171875 0.1171875 0.0734375
10 0.203125 0.63828125 0.065625 0.09375
10 0.31640625 0.5921875 0.1140625 0.059375
10 0.39375 0.5125 0.0671875 0.0390625
10 0.42109375 0.4484375 0.0796875 0.05
10 0.56953125 0.42890625 0.059375 0.0609375
10 0.5375 0.62890625 0.096875 0.1109375
10 0.87890625 0.64453125 0.0796875 0.0546875
10 0.97890625 0.63125 0.0421875 0.11875
10 0.865625 0.7546875 0.0984375 0.159375
10 0.93359375 0.890625 0.0625 0.0796875
10 0.4625 0.71328125 0.034375 0.05625
10 0.28828125 0.78984375 0.159375 0.06875
10 0.3390625 0.9703125 0.159375 0.059375
10 0.49140625 0.94609375 0.0890625 0.0921875
10 0.6125 0.940625 0.096875 0.10625
10 0.765625 0.8875 0.0890625 0.040625
10 0.85625 0.8734375 0.06875 0.0546875
10 0.74921875 0.70703125 0.1 0.090625
10 0.58359375 0.74296875 0.0859375 0.1015625
10 0.46875 0.7734375 0.11875 0.078125
10 0.8140625 0.51953125 0.1328125 0.1203125
10 0.77421875 0.28671875 0.0625 0.0453125
10 0.8828125 0.3828125 0.05 0.053125
10 0.865625 0.31484375 0.040625 0.0453125
10 0.9203125 0.24765625 0.0734375 0.1203125
10 0.94453125 0.1828125 0.0265625 0.078125
10 0.90234375 0.05546875 0.06875 0.103125
10 0.90859375 0.175 0.0546875 0.053125
10 0.67578125 0.05 0.096875 0.096875
10 0.6140625 0.04296875 0.0328125 0.0421875
10 0.50859375 0.08125 0.071875 0.04375
10 0.65 0.12421875 0.0671875 0.0453125
10 0.59140625 0.271875 0.0640625 0.0671875
10 0.6671875 0.39453125 0.0890625 0.0734375
10 0.65859375 0.34296875 0.0453125 0.0328125
10 0.38671875 0.6109375 0.1796875 0.11875