10 0.98671875 0.42890625 0.0265625 0.0859375
10 0.878125 0.88203125 0.0765625 0.1078125
10 0.9796875 0.575 0.0375 0.075
10 0.9453125 0.47890625 0.0546875 0.0625
10 0.87265625 0.471875 0.121875 0.11875
10 0.871875 0.546875 0.0546875 0.0421875
10 0.7984375 0.5609375 0.05 0.0640625
10 0.62890625 0.6890625 0.0859375 0.0640625
10 0.7140625 0.58828125 0.0703125 0.0953125
10 0.75703125 0.60234375 0.0203125 0.028125
10 0.715625 0.47578125 0.065625 0.059375
10 0.871875 0.28671875 0.0578125 0.0765625
10 0.78828125 0.159375 0.0484375 0.0765625
10 0.60625 0.159375 0.0296875 0.0640625
10 0.7421875 0.27734375 0.065625 0.0515625
10 0.76796875 0.34140625 0.084375 0.08125
10 0.5921875 0.253125 0.0609375 0.0453125
10 0.72109375 0.40859375 0.046875 0.0484375
10 0.73515625 0.4359375 0.0484375 0.021875
10 0.53203125 0.39921875 0.0484375 0.0609375
10 0.61484375 0.571875 0.1203125 0.121875
10 0.5046875 0.62734375 0.0609375 0.046875
10 0.4546875 0.56328125 0.059375 0.121875
10 0.340625 0.45234375 0.1125 0.084375
10 0.46015625 0.33671875 0.0578125 0.03125
10 0.57890625 0.3984375 0.040625 0.05
10 0.66875 0.29609375 0.046875 0.090625
10 0.63515625 0.32265625 0.0234375 0.025
10 0.64609375 0.41015625 0.0375 0.0359375