10 0.65703125 0.109375 0.0515625 0.0578125
10 0.784375 0.153125 0.0765625 0.0296875
10 0.8359375 0.2609375 0.115625 0.084375
10 0.61171875 0.13359375 0.0578125 0.0484375
10 0.5453125 0.10234375 0.0234375 0.040625
10 0.53359375 0.14296875 0.0421875 0.040625
10 0.509375 0.17734375 0.0484375 0.0453125
10 0.40078125 0.25546875 0.0921875 0.084375
10 0.78046875 0.3640625 0.09375 0.0625
10 0.7578125 0.1859375 0.01875 0.025
10 0.875 0.440625 0.05625 0.0578125
10 0.89921875 0.3953125 0.034375 0.0390625
10 0.865625 0.4875 0.090625 0.046875
10 0.89296875 0.54453125 0.0921875 0.0578125
10 0.9703125 0.56171875 0.046875 0.0953125
10 0.76875 0.46875 0.01875 0.0375
10 0.73359375 0.43203125 0.03125 0.0421875
10 0.72265625 0.55234375 0.0453125 0.0625
10 0.23046875 0.41484375 0.103125 0.046875
10 0.115625 0.4359375 0.0578125 0.05
10 0.178125 0.4703125 0.046875 0.06875
10 0.05859375 0.49609375 0.059375 0.0828125
10 0.01171875 0.478125 0.0234375 0.059375
10 0.05703125 0.69140625 0.084375 0.0515625
10 0.1203125 0.71328125 0.03125 0.0375
10 0.15703125 0.5796875 0.071875 0.0515625
10 0.3203125 0.7359375 0.0578125 0.059375
10 0.38125 0.871875 0.025 0.0578125
10 0.59609375 0.88671875 0.0203125 0.046875
10 0.5171875 0.84140625 0.04375 0.08125
10 0.49296875 0.3640625 0.0640625 0.046875
10 0.71015625 0.6703125 0.0625 0.06875
10 0.4015625 0.67578125 0.0703125 0.040625
10 0.334375 0.57734375 0.0515625 0.03125
10 0.41953125 0.5828125 0.103125 0.0359375
10 0.47734375 0.63125 0.0671875 0.0359375
10 0.5484375 0.66484375 0.0640625 0.0328125
10 0.59453125 0.6328125 0.046875 0.0390625
10 0.61171875 0.7078125 0.0546875 0.059375
10 0.49765625 0.5515625 0.025 0.05
10 0.4734375 0.46953125 0.0546875 0.0828125
10 0.60859375 0.46171875 0.0265625 0.028125
10 0.63203125 0.49296875 0.0515625 0.021875
10 0.6421875 0.52890625 0.0515625 0.0390625