10 0.53984375 0.21328125 0.0703125 0.0609375
10 0.92421875 0.096875 0.0671875 0.078125
10 0.71484375 0.2765625 0.0421875 0.0671875
10 0.7421875 0.275 0.01875 0.0421875
10 0.646875 0.38125 0.04375 0.0515625
10 0.3984375 0.41171875 0.0609375 0.0578125
10 0.41796875 0.4875 0.1234375 0.0875
10 0.38203125 0.678125 0.0640625 0.0328125
10 0.38359375 0.7328125 0.1078125 0.0765625
10 0.10625 0.85390625 0.1453125 0.1953125
10 0.07578125 0.56015625 0.084375 0.0703125
10 0.01875 0.60703125 0.03125 0.103125
10 0.18515625 0.740625 0.0671875 0.0390625
10 0.16015625 0.478125 0.0359375 0.0609375
10 0.7828125 0.5390625 0.090625 0.0859375
10 0.9484375 0.521875 0.103125 0.1125
10 0.7390625 0.640625 0.128125 0.071875
10 0.6515625 0.5921875 0.08125 0.0453125
10 0.6265625 0.64296875 0.0984375 0.0578125
10 0.61796875 0.43359375 0.040625 0.0515625
10 0.65234375 0.5421875 0.090625 0.05625
10 0.4671875 0.61875 0.04375 0.059375
10 0.4078125 0.96953125 0.053125 0.0609375