10 0.04609375 0.2296875 0.0921875 0.159375
10 0.1390625 0.071875 0.1890625 0.1421875
10 0.41640625 0.2390625 0.1375 0.0875
10 0.55 0.35078125 0.1453125 0.1015625
10 0.68203125 0.43515625 0.1203125 0.078125
10 0.884375 0.42578125 0.184375 0.08125
10 0.78125 0.50859375 0.109375 0.0546875
10 0.58828125 0.5203125 0.025 0.1265625
10 0.64453125 0.51171875 0.0671875 0.065625
10 0.9734375 0.5734375 0.053125 0.05
10 0.1359375 0.53203125 0.2140625 0.1765625
10 0.22578125 0.875 0.1171875 0.0609375
10 0.0171875 0.97265625 0.034375 0.0546875
10 0.41640625 0.4375 0.16875 0.065625
10 0.46953125 0.54140625 0.0890625 0.078125
10 0.3625 0.55234375 0.1109375 0.1203125
10 0.68125 0.35546875 0.0171875 0.0421875