10 0.8484375 0.06875 0.09375 0.0546875
10 0.81953125 0.3375 0.0828125 0.096875
10 0.62265625 0.325 0.121875 0.121875
10 0.7859375 0.03203125 0.1046875 0.0484375
10 0.7671875 0.0734375 0.05 0.03125
10 0.64609375 0.0234375 0.0640625 0.0390625
10 0.690625 0.1546875 0.078125 0.0796875
10 0.65703125 0.06796875 0.109375 0.0453125
10 0.72734375 0.09453125 0.053125 0.053125
10 0.54296875 0.0953125 0.1421875 0.0515625
10 0.44765625 0.08671875 0.0375 0.0578125
10 0.38828125 0.06640625 0.065625 0.078125
10 0.29453125 0.04609375 0.096875 0.04375
10 0.14296875 0.065625 0.1578125 0.0734375
10 0.13984375 0.15390625 0.078125 0.0734375
10 0.35 0.14296875 0.109375 0.090625
10 0.57421875 0.16796875 0.1484375 0.08125
10 0.62890625 0.234375 0.0921875 0.040625
10 0.72109375 0.53359375 0.1921875 0.0953125
10 0.6140625 0.4453125 0.084375 0.06875
10 0.18046875 0.2046875 0.1296875 0.1296875
10 0.17734375 0.42265625 0.121875 0.16875
10 0.23203125 0.59296875 0.0796875 0.140625
10 0.39921875 0.61640625 0.1296875 0.1578125
10 0.37578125 0.50546875 0.1921875 0.05
10 0.375 0.3828125 0.1125 0.18125
10 0.48828125 0.42734375 0.1125 0.1640625
10 0.7984375 0.6359375 0.1640625 0.115625
10 0.778125 0.79375 0.1765625 0.175
10 0.65625 0.921875 0.1 0.046875
10 0.6296875 0.7859375 0.0734375 0.1578125
10 0.55390625 0.82734375 0.065625 0.05625
10 0.56796875 0.64765625 0.1203125 0.09375
10 0.64375 0.990625 0.084375 0.01875