10 0.70859375 0.89921875 0.2046875 0.1953125
10 0.6765625 0.67890625 0.125 0.1234375
10 0.53359375 0.6296875 0.1359375 0.115625
10 0.434375 0.5421875 0.0921875 0.1359375
10 0.31796875 0.58046875 0.140625 0.228125
10 0.5828125 0.44296875 0.1640625 0.2640625
10 0.43125 0.26953125 0.1 0.134375
10 0.34140625 0.203125 0.06875 0.084375
10 0.2328125 0.121875 0.1703125 0.196875
10 0.29609375 0.28984375 0.1625 0.0796875
10 0.28203125 0.46171875 0.053125 0.0359375
10 0.2375 0.76328125 0.1015625 0.0375
10 0.24140625 0.82890625 0.134375 0.0796875