10 0.3703125 0.90078125 0.05625 0.0609375
10 0.240625 0.865625 0.078125 0.034375
10 0.18125 0.76171875 0.121875 0.0921875
10 0.4140625 0.8734375 0.0609375 0.053125
10 0.4828125 0.9 0.0265625 0.0421875
10 0.49140625 0.85859375 0.0453125 0.04375
10 0.51328125 0.82265625 0.0515625 0.0484375
10 0.61640625 0.73671875 0.0984375 0.090625
10 0.2296875 0.65546875 0.0984375 0.06875
10 0.26484375 0.83125 0.0203125 0.0265625
10 0.1296875 0.58515625 0.059375 0.0609375
10 0.109375 0.63203125 0.0375 0.040625
10 0.1359375 0.53828125 0.09375 0.053125
10 0.1046875 0.4828125 0.0953125 0.0640625
10 0.0265625 0.47109375 0.053125 0.0984375
10 0.234375 0.55 0.021875 0.0390625
10 0.271875 0.584375 0.034375 0.04375
10 0.27421875 0.46328125 0.05 0.065625
10 0.775 0.56640625 0.10625 0.0546875
10 0.88828125 0.53671875 0.0609375 0.0546875
10 0.8234375 0.50703125 0.0515625 0.071875
10 0.940625 0.4734375 0.065625 0.0875
10 0.98671875 0.48671875 0.0265625 0.0609375
10 0.92890625 0.278125 0.0875 0.0578125
10 0.8640625 0.2609375 0.034375 0.0390625
10 0.83671875 0.396875 0.075 0.05625
10 0.6625 0.25234375 0.0625 0.0625
10 0.5921875 0.12109375 0.0296875 0.059375
10 0.37734375 0.12109375 0.0234375 0.0484375
10 0.459375 0.1609375 0.05 0.084375
10 0.51640625 0.63515625 0.0671875 0.0515625
10 0.278125 0.34453125 0.0671875 0.0734375
10 0.5859375 0.31796875 0.0734375 0.0453125
10 0.66015625 0.4109375 0.053125 0.034375
10 0.57421875 0.41171875 0.1046875 0.04375
10 0.51328125 0.3671875 0.06875 0.040625
10 0.43984375 0.3390625 0.065625 0.0375
10 0.39609375 0.37421875 0.05 0.0421875
10 0.37421875 0.30078125 0.059375 0.0625
10 0.4984375 0.4484375 0.028125 0.0515625
10 0.52890625 0.52890625 0.0609375 0.0859375
10 0.39453125 0.54609375 0.028125 0.0296875
10 0.36875 0.51640625 0.053125 0.025
10 0.35625 0.48125 0.0546875 0.0421875