10 0.746875 0.56875 0.084375 0.0546875
10 0.73046875 0.6171875 0.0453125 0.046875
10 0.75078125 0.67578125 0.0921875 0.053125
10 0.58359375 0.371875 0.0609375 0.06875
10 0.64609375 0.38359375 0.05625 0.04375
10 0.6890625 0.184375 0.0796875 0.0765625
10 0.56796875 0.0546875 0.08125 0.059375
10 0.353125 0.028125 0.1375 0.05625
10 0.11953125 0.01640625 0.0515625 0.0328125
10 0.078125 0.01171875 0.03125 0.0234375
10 0.27734375 0.0953125 0.0890625 0.0765625
10 0.246875 0.19765625 0.084375 0.10625
10 0.2015625 0.26484375 0.1015625 0.05625
10 0.2296875 0.39765625 0.075 0.159375
10 0.3796875 0.3171875 0.071875 0.090625
10 0.453125 0.26640625 0.046875 0.0453125
10 0.5296875 0.29609375 0.0453125 0.0359375
10 0.37578125 0.51015625 0.0875 0.1234375
10 0.2875 0.63359375 0.1203125 0.128125
10 0.26640625 0.7421875 0.0625 0.059375
10 0.07421875 0.66640625 0.090625 0.084375
10 0.040625 0.7953125 0.075 0.0578125
10 0.30703125 0.93984375 0.1140625 0.0875
10 0.40390625 0.865625 0.078125 0.096875
10 0.490625 0.83125 0.0546875 0.05
10 0.61171875 0.909375 0.0765625 0.0578125
10 0.61015625 0.84296875 0.0546875 0.0578125
10 0.653125 0.8203125 0.0390625 0.0625
10 0.61328125 0.671875 0.0609375 0.09375
10 0.5640625 0.65 0.0453125 0.0515625
10 0.4890625 0.65859375 0.0734375 0.0640625
10 0.33671875 0.11015625 0.0703125 0.10625