10 0.36484375 0.2640625 0.0796875 0.0828125
10 0.15625 0.434375 0.0734375 0.08125
10 0.1234375 0.484375 0.04375 0.046875
10 0.05 0.45078125 0.0421875 0.04375
10 0.1046875 0.59921875 0.059375 0.03125
10 0.0578125 0.74765625 0.0328125 0.040625
10 0.0171875 0.73203125 0.034375 0.0515625
10 0.28203125 0.7609375 0.0703125 0.0828125
10 0.34453125 0.90234375 0.0296875 0.0734375
10 0.4921875 0.884375 0.053125 0.0984375
10 0.36640625 0.70390625 0.071875 0.0515625
10 0.56953125 0.9265625 0.021875 0.0390625
10 0.5734375 0.7375 0.0359375 0.0640625
10 0.68984375 0.69609375 0.059375 0.078125
10 0.7109375 0.578125 0.0609375 0.0578125
10 0.290625 0.6015625 0.0671875 0.0453125
10 0.384375 0.6109375 0.103125 0.05
10 0.4421875 0.6515625 0.06875 0.034375
10 0.51484375 0.6984375 0.0609375 0.0625
10 0.43515625 0.48515625 0.0484375 0.084375
10 0.4671875 0.37421875 0.059375 0.0609375
10 0.428125 0.56015625 0.0859375 0.04375
10 0.5140625 0.5375 0.0328125 0.05625
10 0.47109375 0.6015625 0.021875 0.025
10 0.51796875 0.63359375 0.0359375 0.04375
10 0.57265625 0.67109375 0.05 0.0484375
10 0.47890625 0.171875 0.05 0.053125
10 0.51875 0.134375 0.0609375 0.025
10 0.52109375 0.10390625 0.0421875 0.01875
10 0.63984375 0.11171875 0.0515625 0.0515625
10 0.58359375 0.1390625 0.0515625 0.0328125
10 0.5671875 0.16875 0.0375 0.025
10 0.7640625 0.1546875 0.05625 0.0609375
10 0.828125 0.26875 0.0921875 0.0625
10 0.76953125 0.375 0.1390625 0.0484375
10 0.725 0.4546875 0.0484375 0.0453125
10 0.75546875 0.496875 0.040625 0.04375
10 0.884375 0.41796875 0.0546875 0.0546875
10 0.87421875 0.465625 0.0765625 0.046875
10 0.85546875 0.50625 0.084375 0.04375
10 0.87421875 0.553125 0.121875 0.0453125
10 0.9703125 0.57890625 0.0375 0.0609375
10 0.21484375 0.43515625 0.0265625 0.0765625
10 0.5875 0.48359375 0.0234375 0.0375
10 0.60703125 0.51640625 0.0546875 0.021875
10 0.6140625 0.54296875 0.0484375 0.028125
10 0.61640625 0.58046875 0.0296875 0.0359375
10 0.64375 0.50390625 0.015625 0.025
10 0.6703125 0.54140625 0.0125 0.0234375