10 0.75703125 0.32109375 0.0453125 0.053125
10 0.825 0.30546875 0.025 0.0359375
10 0.8671875 0.32421875 0.0234375 0.0546875
10 0.76796875 0.4625 0.0765625 0.0625
10 0.840625 0.47734375 0.028125 0.028125
10 0.82265625 0.70390625 0.0578125 0.0703125
10 0.96171875 0.78671875 0.0453125 0.1109375
10 0.82890625 0.83359375 0.0828125 0.075
10 0.896875 0.87109375 0.0265625 0.0484375
10 0.80546875 0.93984375 0.0875 0.0734375
10 0.7078125 0.80625 0.0515625 0.0421875
10 0.6484375 0.72109375 0.090625 0.059375
10 0.6046875 0.67109375 0.103125 0.04375
10 0.71484375 0.675 0.0296875 0.075
10 0.4859375 0.628125 0.053125 0.0390625
10 0.62578125 0.52734375 0.075 0.0640625
10 0.59296875 0.39921875 0.0296875 0.0390625
10 0.57265625 0.4234375 0.0203125 0.01875
10 0.4125 0.34453125 0.065625 0.0421875
10 0.26171875 0.609375 0.0828125 0.090625
10 0.29921875 0.76328125 0.0703125 0.0640625
10 0.35625 0.68828125 0.046875 0.0546875
10 0.43125 0.65859375 0.0703125 0.0546875
10 0.4953125 0.62421875 0.0375 0.0484375
10 0.475 0.55625 0.028125 0.040625
10 0.496875 0.7875 0.065625 0.0578125
10 0.415625 0.7796875 0.0703125 0.05
10 0.2796875 0.921875 0.103125 0.115625
10 0.203125 0.9015625 0.0375 0.109375
10 0.2578125 0.82421875 0.084375 0.0390625
10 0.2984375 0.43515625 0.0375 0.0328125