10 0.12734375 0.08828125 0.203125 0.1375
10 0.3703125 0.08203125 0.18125 0.0984375
10 0.6046875 0.08359375 0.2078125 0.096875
10 0.8578125 0.08125 0.240625 0.10625
10 0.81796875 0.2265625 0.3640625 0.09375
10 0.46640625 0.24609375 0.3203125 0.10625
10 0.16796875 0.25546875 0.2796875 0.0875
10 0.2453125 0.4140625 0.1296875 0.1453125
10 0.403125 0.41015625 0.1578125 0.128125
10 0.7015625 0.403125 0.3546875 0.1015625
10 0.334375 0.57734375 0.36875 0.09375
10 0.7078125 0.56484375 0.3390625 0.078125
10 0.49453125 0.75625 0.51875 0.1234375
10 0.4671875 0.9078125 0.5546875 0.15625