10 0.76875 0.49453125 0.0703125 0.0515625
10 0.73359375 0.55546875 0.0671875 0.0609375
10 0.734375 0.6921875 0.0578125 0.0984375
10 0.740625 0.7640625 0.06875 0.05
10 0.7765625 0.821875 0.0765625 0.0640625
10 0.74296875 0.89609375 0.121875 0.0890625
10 0.6515625 0.9828125 0.09375 0.034375
10 0.4640625 0.98515625 0.0484375 0.0296875
10 0.43515625 0.928125 0.06875 0.04375
10 0.4546875 0.840625 0.05625 0.0640625
10 0.446875 0.78671875 0.0703125 0.0421875
10 0.49765625 0.71796875 0.0578125 0.0875
10 0.5015625 0.63984375 0.084375 0.0515625
10 0.44609375 0.55625 0.05625 0.0453125
10 0.41640625 0.64609375 0.04375 0.03125
10 0.17265625 0.76875 0.0515625 0.0421875
10 0.06484375 0.9328125 0.0671875 0.0421875
10 0.1125 0.678125 0.0609375 0.090625
10 0.20234375 0.65390625 0.0796875 0.075
10 0.1046875 0.59921875 0.0859375 0.0578125
10 0.22265625 0.54296875 0.0578125 0.0765625
10 0.19921875 0.48359375 0.06875 0.046875
10 0.275 0.55 0.0515625 0.078125
10 0.29921875 0.35234375 0.03125 0.025
10 0.43125 0.4765625 0.0921875 0.0359375
10 0.4453125 0.43828125 0.040625 0.046875
10 0.621875 0.44609375 0.05 0.03125
10 0.71875 0.36875 0.0640625 0.06875
10 0.72109375 0.3125 0.0484375 0.0296875
10 0.70234375 0.2078125 0.059375 0.0671875
10 0.6421875 0.11953125 0.065625 0.05625
10 0.5671875 0.1296875 0.0484375 0.046875
10 0.56796875 0.08671875 0.0578125 0.025
10 0.596875 0.19609375 0.0828125 0.0890625
10 0.52578125 0.2140625 0.046875 0.0796875
10 0.47890625 0.159375 0.0515625 0.05625
10 0.61171875 0.31171875 0.0890625 0.0953125
10 0.71484375 0.4609375 0.1046875 0.096875
10 0.63671875 0.7 0.0296875 0.0390625