10 0.42109375 0.1640625 0.2046875 0.121875
10 0.078125 0.509375 0.15625 0.16875
10 0.17578125 0.71171875 0.0984375 0.165625
10 0.8921875 0.278125 0.0640625 0.1109375
10 0.30625 0.56640625 0.171875 0.1015625
10 0.3203125 0.671875 0.153125 0.0953125
10 0.48828125 0.640625 0.121875 0.1453125
10 0.33828125 0.89609375 0.121875 0.071875
10 0.78515625 0.68828125 0.1046875 0.1203125
10 0.81328125 0.496875 0.0296875 0.121875
10 0.85078125 0.52734375 0.025 0.0828125
10 0.96171875 0.73125 0.046875 0.096875