10 0.23046875 0.709375 0.121875 0.1359375
10 0.5234375 0.84296875 0.115625 0.1296875
10 0.60625 0.90390625 0.10625 0.1328125
10 0.796875 0.96953125 0.071875 0.0609375
10 0.32265625 0.60546875 0.096875 0.0765625
10 0.49375 0.675 0.078125 0.0625
10 0.56171875 0.6625 0.090625 0.140625
10 0.653125 0.63984375 0.109375 0.11875
10 0.20703125 0.49921875 0.13125 0.1078125
10 0.278125 0.359375 0.065625 0.0640625
10 0.303125 0.29375 0.0921875 0.090625
10 0.38125 0.39375 0.1015625 0.128125
10 0.43515625 0.51328125 0.1203125 0.121875
10 0.52734375 0.47734375 0.0734375 0.0828125
10 0.57109375 0.5703125 0.075 0.053125
10 0.934375 0.58046875 0.0890625 0.146875
10 0.87890625 0.428125 0.1546875 0.125
10 0.50703125 0.39375 0.08125 0.0546875
10 0.4765625 0.3 0.065625 0.0515625
10 0.396875 0.284375 0.1015625 0.10625
10 0.41640625 0.18203125 0.071875 0.09375
10 0.47890625 0.0203125 0.0546875 0.040625
10 0.525 0.01484375 0.04375 0.0296875
10 0.5578125 0.0140625 0.025 0.028125
10 0.590625 0.01328125 0.021875 0.015625
10 0.55703125 0.25546875 0.071875 0.0890625
10 0.64921875 0.2546875 0.034375 0.04375
10 0.60703125 0.1328125 0.1328125 0.1203125
10 0.51953125 0.08359375 0.0828125 0.096875