10 0.678125 0.41328125 0.0375 0.0625
10 0.4640625 0.3578125 0.071875 0.134375
10 0.459375 0.1984375 0.0515625 0.096875
10 0.2703125 0.2203125 0.025 0.0609375
10 0.17109375 0.2703125 0.1171875 0.1359375
10 0.271875 0.3640625 0.065625 0.071875
10 0.35 0.44453125 0.078125 0.13125
10 0.384375 0.3515625 0.071875 0.0390625
10 0.2640625 0.478125 0.0375 0.0703125
10 0.296875 0.484375 0.0328125 0.05
10 0.23515625 0.56875 0.059375 0.0859375
10 0.1265625 0.45078125 0.0390625 0.028125
10 0.29765625 0.88515625 0.09375 0.1578125
10 0.71640625 0.8734375 0.059375 0.0453125
10 0.70703125 0.96640625 0.05625 0.046875
10 0.5375 0.984375 0.053125 0.03125
10 0.58359375 0.61640625 0.0828125 0.090625
10 0.440625 0.54921875 0.0453125 0.09375
10 0.45234375 0.49140625 0.046875 0.0359375
10 0.48984375 0.53984375 0.0390625 0.0359375
10 0.13359375 0.9234375 0.1234375 0.0921875
10 0.02578125 0.9328125 0.0515625 0.04375
10 0.45078125 0.97578125 0.0640625 0.0453125