10 0.70078125 0.740625 0.05625 0.05
10 0.721875 0.80703125 0.0375 0.028125
10 0.70703125 0.85078125 0.05625 0.028125
10 0.5609375 0.7640625 0.06875 0.08125
10 0.55234375 0.8375 0.03125 0.03125
10 0.325 0.8390625 0.075 0.0640625
10 0.25390625 0.97890625 0.1140625 0.0421875
10 0.19609375 0.85703125 0.08125 0.0890625
10 0.16484375 0.92734375 0.05 0.03125
10 0.08828125 0.84296875 0.08125 0.09375
10 0.21328125 0.73359375 0.046875 0.0546875
10 0.29296875 0.6671875 0.0671875 0.0953125
10 0.3390625 0.61953125 0.053125 0.10625
10 0.34453125 0.72890625 0.0765625 0.0359375
10 0.37109375 0.496875 0.04375 0.05625
10 0.48359375 0.62734375 0.0703125 0.0796875
10 0.60859375 0.58359375 0.0421875 0.0328125
10 0.5828125 0.565625 0.0203125 0.021875
10 0.646875 0.39921875 0.0484375 0.06875
10 0.3703125 0.271875 0.096875 0.090625
10 0.2203125 0.32265625 0.0703125 0.075
10 0.3 0.3734375 0.0578125 0.0515625
10 0.3359375 0.4453125 0.0609375 0.075
10 0.37578125 0.50625 0.0515625 0.0421875
10 0.44140625 0.4796875 0.0421875 0.03125
10 0.21328125 0.521875 0.0640625 0.0703125
10 0.2140625 0.440625 0.05625 0.075
10 0.0609375 0.3171875 0.121875 0.1125
10 0.07421875 0.2390625 0.1125 0.046875
10 0.15625 0.28671875 0.046875 0.0875
10 0.546875 0.29375 0.0359375 0.040625