10 0.334375 0.04296875 0.103125 0.0859375
10 0.14375 0.10234375 0.0828125 0.0890625
10 0.034375 0.14609375 0.06875 0.0765625
10 0.0125 0.32890625 0.025 0.046875
10 0.2390625 0.39921875 0.15 0.0625
10 0.06171875 0.6328125 0.0640625 0.1203125
10 0.2015625 0.76328125 0.05625 0.046875
10 0.24453125 0.62578125 0.046875 0.1015625
10 0.38359375 0.65703125 0.0859375 0.078125
10 0.48515625 0.6078125 0.090625 0.0609375
10 0.4 0.49453125 0.0953125 0.1015625
10 0.51484375 0.45078125 0.090625 0.075
10 0.53828125 0.3890625 0.0578125 0.0328125
10 0.6359375 0.41015625 0.096875 0.0609375
10 0.85234375 0.57734375 0.084375 0.075
10 0.9734375 0.4375 0.04375 0.040625
10 0.9265625 0.609375 0.0359375 0.071875
10 0.6796875 0.6140625 0.0671875 0.059375
10 0.5234375 0.734375 0.096875 0.053125
10 0.71484375 0.9046875 0.0546875 0.053125