10 0.23515625 0.284375 0.1171875 0.0984375
10 0.17109375 0.6 0.1109375 0.09375
10 0.13046875 0.69453125 0.1171875 0.08125
10 0.1015625 0.896875 0.065625 0.059375
10 0.35703125 0.35078125 0.059375 0.0859375
10 0.328125 0.53359375 0.0484375 0.06875
10 0.35546875 0.596875 0.1296875 0.0625
10 0.3984375 0.68046875 0.1015625 0.0890625
10 0.43515625 0.2140625 0.084375 0.115625
10 0.5875 0.25234375 0.053125 0.0546875
10 0.65703125 0.26171875 0.075 0.0765625
10 0.5765625 0.36015625 0.1140625 0.078125
10 0.47265625 0.43984375 0.1015625 0.1
10 0.528125 0.521875 0.071875 0.059375
10 0.44765625 0.58515625 0.0390625 0.0671875
10 0.51953125 0.94140625 0.1375 0.059375
10 0.65546875 0.853125 0.096875 0.1359375
10 0.6046875 0.4828125 0.0390625 0.075
10 0.68984375 0.43203125 0.0390625 0.0578125
10 0.68671875 0.35078125 0.090625 0.0828125
10 0.790625 0.346875 0.0828125 0.0546875
10 0.97265625 0.36953125 0.0546875 0.04375
10 0.98359375 0.4140625 0.0328125 0.0375
10 0.9875 0.44765625 0.025 0.0203125
10 0.99453125 0.47890625 0.0109375 0.0203125
10 0.75078125 0.50078125 0.078125 0.05625
10 0.77265625 0.58984375 0.0390625 0.0265625
10 0.88203125 0.521875 0.096875 0.1140625
10 0.91015625 0.425 0.084375 0.065625