10 0.33125 0.571875 0.1125 0.059375
10 0.40703125 0.6609375 0.0359375 0.1046875
10 0.50625 0.81953125 0.0546875 0.109375
10 0.584375 0.81640625 0.0859375 0.0515625
10 0.55859375 0.696875 0.040625 0.109375
10 0.49375 0.60703125 0.028125 0.0625
10 0.43515625 0.56875 0.0375 0.075
10 0.4421875 0.41953125 0.053125 0.0515625
10 0.63359375 0.48515625 0.0984375 0.08125
10 0.7078125 0.1515625 0.0421875 0.0734375
10 0.715625 0.03125 0.109375 0.0625
10 0.8140625 0.184375 0.1484375 0.0734375
10 0.96015625 0.140625 0.071875 0.0515625
10 0.703125 0.57421875 0.053125 0.025
10 0.7484375 0.75859375 0.0421875 0.1546875
10 0.959375 0.74375 0.08125 0.146875
10 0.9375 0.5859375 0.0796875 0.0765625
10 0.953125 0.465625 0.09375 0.08125
10 0.928125 0.30546875 0.0265625 0.0859375
10 0.9296875 0.2140625 0.04375 0.0625
10 0.746875 0.290625 0.0765625 0.0875
10 0.75390625 0.46015625 0.090625 0.071875
10 0.7640625 0.578125 0.059375 0.109375
10 0.5734375 0.19375 0.1015625 0.1171875
10 0.3375 0.19296875 0.0359375 0.0578125
10 0.45078125 0.10234375 0.046875 0.0421875
10 0.38125 0.1078125 0.040625 0.034375
10 0.32421875 0.0421875 0.1125 0.0546875
10 0.26484375 0.00703125 0.0765625 0.0140625
10 0.13203125 0.0265625 0.0953125 0.053125
10 0.25078125 0.04140625 0.0453125 0.046875
10 0.0875 0.2484375 0.084375 0.0828125
10 0.06953125 0.30859375 0.0375 0.0265625
10 0.0890625 0.41875 0.0328125 0.0671875
10 0.15625 0.28671875 0.034375 0.0625
10 0.29140625 0.3703125 0.0578125 0.0546875
10 0.425 0.3171875 0.0609375 0.0796875
10 0.37265625 0.31640625 0.0265625 0.040625
10 0.58984375 0.63125 0.090625 0.1671875