8 0.59296875 0.12109375 0.2640625 0.2421875
8 0.43046875 0.20859375 0.234375 0.3375
8 0.26953125 0.346875 0.253125 0.3109375
8 0.4875 0.3984375 0.3671875 0.3859375
8 0.71640625 0.2171875 0.1640625 0.225
8 0.18984375 0.8390625 0.3546875 0.321875
8 0.5078125 0.71953125 0.2109375 0.30625
8 0.6625 0.75703125 0.271875 0.2671875
8 0.796875 0.43671875 0.1890625 0.265625
8 0.88671875 0.11484375 0.1890625 0.2296875
8 0.91875 0.340625 0.1546875 0.184375
8 0.6203125 0.47890625 0.1859375 0.26875
8 0.4015625 0.6234375 0.14375 0.1390625
8 0.94140625 0.49765625 0.1171875 0.2140625
8 0.84375 0.5546875 0.1984375 0.2578125
8 0.7 0.1 0.178125 0.2