8 0.38046875 0.8796875 0.2484375 0.240625
8 0.54921875 0.7953125 0.2125 0.3234375
8 0.71953125 0.66875 0.23203125 0.2953125
8 0.50546875 0.60234375 0.34140625 0.3625
8 0.2640625 0.7671875 0.15 0.215625
8 0.83359375 0.16640625 0.33203125 0.3328125
8 0.5078125 0.28046875 0.190625 0.29296875
8 0.35546875 0.23203125 0.25390625 0.25
8 0.19921875 0.5421875 0.17109375 0.25390625
8 0.0859375 0.8734375 0.171875 0.25234375
8 0.07109375 0.6296875 0.1421875 0.175
8 0.37890625 0.5125 0.16875 0.2578125
8 0.60703125 0.38359375 0.134375 0.1296875
8 0.05546875 0.4703125 0.1109375 0.20625
8 0.1609375 0.42109375 0.18046875 0.2453125
8 0.27109375 0.8953125 0.1640625 0.209375