8 0.35546875 0.68828125 0.175 0.1796875
8 0.1671875 0.8875 0.15078125 0.21953125
8 0.0734375 0.68984375 0.1234375 0.19140625
8 0.70078125 0.80390625 0.1640625 0.21484375
8 0.70859375 0.64609375 0.26484375 0.1375
8 0.85703125 0.4296875 0.2 0.10703125
8 0.8359375 0.56953125 0.28125 0.16328125
8 0.66328125 0.47890625 0.13828125 0.1171875
8 0.54375 0.4078125 0.17890625 0.1640625
8 0.3890625 0.43359375 0.15078125 0.1203125
8 0.45546875 0.55703125 0.165625 0.134375
8 0.54609375 0.71171875 0.08671875 0.1921875