11 0.20546875 0.23671875 0.171875 0.1921875
11 0.553125 0.3484375 0.1421875 0.2984375
11 0.69140625 0.37578125 0.1546875 0.246875
11 0.83671875 0.63671875 0.109375 0.2328125
11 0.73203125 0.86484375 0.13125 0.2421875
11 0.32265625 0.4125 0.1890625 0.21875
11 0.39921875 0.56328125 0.2015625 0.2296875
11 0.46015625 0.71796875 0.2140625 0.2375
11 0.5828125 0.74609375 0.1109375 0.2421875
11 0.41640625 0.86484375 0.175 0.246875
11 0.16953125 0.49609375 0.1359375 0.190625
11 0.07109375 0.61953125 0.1421875 0.2265625
11 0.0703125 0.8 0.1109375 0.23125
11 0.178125 0.79765625 0.1828125 0.2875
11 0.3015625 0.89296875 0.125 0.2140625