11 0.76484375 0.34765625 0.1578125 0.140625
11 0.7171875 0.5671875 0.1375 0.128125
11 0.66328125 0.6609375 0.1953125 0.140625
11 0.78359375 0.67578125 0.11875 0.103125
11 0.7625 0.76015625 0.1296875 0.0953125
11 0.609375 0.8734375 0.153125 0.1375
11 0.6453125 0.9390625 0.1125 0.0765625
11 0.5453125 0.96015625 0.15 0.0796875
11 0.5078125 0.92890625 0.10625 0.0984375
11 0.39296875 0.94609375 0.1328125 0.1078125
11 0.2015625 0.91875 0.1296875 0.071875
11 0.1140625 0.8 0.1859375 0.13125
11 0.41875 0.79921875 0.184375 0.1703125
11 0.51015625 0.6390625 0.1625 0.1515625
11 0.3 0.6125 0.1890625 0.16875
11 0.021875 0.57578125 0.04375 0.0734375
11 0.2328125 0.3390625 0.1515625 0.1078125
11 0.40625 0.24609375 0.1890625 0.15
11 0.46015625 0.3453125 0.24375 0.196875
11 0.61796875 0.325 0.1109375 0.078125
11 0.68671875 0.40703125 0.1203125 0.0765625
11 0.675 0.28984375 0.1234375 0.075
11 0.56953125 0.18046875 0.1546875 0.0921875
11 0.73984375 0.096875 0.1453125 0.0859375
11 0.88046875 0.13359375 0.1265625 0.1046875
11 0.878125 0.2296875 0.1734375 0.1578125
11 0.7859375 0.22578125 0.13125 0.1171875
11 0.96796875 0.21875 0.0640625 0.090625
11 0.86875 0.44140625 0.1703125 0.16875
11 0.9671875 0.37890625 0.065625 0.0671875
11 0.89921875 0.71953125 0.0953125 0.065625