11 0.2125 0.42109375 0.1 0.0984375
11 0.4546875 0.41171875 0.103125 0.1265625
11 0.61015625 0.33359375 0.1765625 0.1828125
11 0.80078125 0.26875 0.1734375 0.13125
11 0.82421875 0.378125 0.2109375 0.115625
11 0.690625 0.51015625 0.134375 0.1640625
11 0.2078125 0.57890625 0.1625 0.0953125
11 0.35390625 0.5109375 0.1703125 0.1
11 0.0296875 0.5796875 0.059375 0.1
11 0.05546875 0.703125 0.1109375 0.11875
11 0.27109375 0.72421875 0.1796875 0.1703125
11 0.46875 0.83125 0.234375 0.128125
11 0.7203125 0.665625 0.146875 0.090625
11 0.65 0.72109375 0.10625 0.1109375
11 0.8171875 0.8 0.190625 0.228125
11 0.2703125 0.94453125 0.165625 0.1109375
11 0.1921875 0.8421875 0.18125 0.121875