11 0.7671875 0.63203125 0.1171875 0.115625
11 0.52734375 0.5953125 0.125 0.14375
11 0.36015625 0.6421875 0.2078125 0.2125
11 0.1609375 0.66953125 0.1953125 0.1625
11 0.15859375 0.5578125 0.2296875 0.153125
11 0.31484375 0.45390625 0.1625 0.1859375
11 0.8015625 0.478125 0.178125 0.125
11 0.6453125 0.5171875 0.1859375 0.13125
11 0.96875 0.5109375 0.0625 0.109375
11 0.9546875 0.384375 0.090625 0.1375
11 0.7671875 0.3234375 0.209375 0.2015625
11 0.59375 0.18046875 0.2546875 0.1703125
11 0.315625 0.2953125 0.1609375 0.1171875
11 0.3953125 0.2546875 0.125 0.1296875
11 0.24609375 0.1453125 0.23125 0.2609375
11 0.81015625 0.1078125 0.184375 0.140625
11 0.8671875 0.22265625 0.2015625 0.1546875