11 0.36484375 0.44453125 0.0828125 0.1109375
11 0.4609375 0.47890625 0.09375 0.1171875
11 0.54296875 0.44921875 0.0515625 0.1078125
11 0.815625 0.30234375 0.103125 0.1015625
11 0.9171875 0.41484375 0.0625 0.0546875
11 0.91484375 0.53046875 0.1109375 0.1015625
11 0.89921875 0.7421875 0.1109375 0.115625
11 0.76328125 0.4921875 0.1078125 0.096875
11 0.76796875 0.596875 0.0921875 0.096875
11 0.6828125 0.6328125 0.1125 0.128125
11 0.575 0.69140625 0.13125 0.1140625
11 0.76171875 0.79296875 0.0890625 0.0984375
11 0.4734375 0.8375 0.09375 0.0875
11 0.34453125 0.76171875 0.0984375 0.0984375
11 0.29609375 0.63359375 0.1109375 0.0828125
11 0.2671875 0.5078125 0.09375 0.096875
11 0.1203125 0.60078125 0.11875 0.0953125
11 0.0171875 0.675 0.034375 0.121875
11 0.15625 0.76953125 0.1625 0.1046875
11 0.2109375 0.70234375 0.140625 0.0734375