11 0.9359375 0.19921875 0.128125 0.1296875
11 0.91328125 0.27890625 0.1265625 0.096875
11 0.95078125 0.3515625 0.0984375 0.06875
11 0.92734375 0.525 0.0890625 0.0640625
11 0.85625 0.48671875 0.10625 0.115625
11 0.8140625 0.42578125 0.09375 0.0953125
11 0.62421875 0.2640625 0.159375 0.13125
11 0.5984375 0.03515625 0.13125 0.0703125
11 0.40859375 0.1765625 0.13125 0.1390625
11 0.2359375 0.14140625 0.103125 0.0796875
11 0.296875 0.22890625 0.14375 0.1203125
11 0.159375 0.1578125 0.1953125 0.115625
11 0.11328125 0.2859375 0.1625 0.10625
11 0.1453125 0.37109375 0.1890625 0.1453125
11 0.2375 0.4359375 0.153125 0.115625
11 0.403125 0.33515625 0.128125 0.128125
11 0.52109375 0.2875 0.11875 0.11875
11 0.59609375 0.365625 0.1609375 0.1015625
11 0.553125 0.46953125 0.10625 0.1125
11 0.7 0.540625 0.13125 0.1015625
11 0.77890625 0.59453125 0.1375 0.1125
11 0.58125 0.6609375 0.125 0.1203125
11 0.5015625 0.63671875 0.115625 0.1109375
11 0.46875 0.5984375 0.1234375 0.0921875
11 0.45 0.64765625 0.109375 0.0640625
11 0.54375 0.7203125 0.1203125 0.0734375
11 0.44921875 0.74296875 0.1625 0.1015625
11 0.359375 0.696875 0.1546875 0.1015625
11 0.371875 0.62890625 0.13125 0.090625
11 0.4125 0.453125 0.0890625 0.0765625
11 0.3390625 0.48125 0.1046875 0.103125
11 0.1796875 0.5640625 0.153125 0.1328125
11 0.17265625 0.63203125 0.1515625 0.096875
11 0.18203125 0.7390625 0.109375 0.0890625
11 0.08203125 0.75859375 0.140625 0.10625
11 0.04140625 0.66796875 0.0828125 0.0984375
11 0.0421875 0.61015625 0.084375 0.0765625