11 0.2296875 0.21171875 0.15625 0.1796875
11 0.56640625 0.35390625 0.1171875 0.2890625
11 0.7015625 0.39296875 0.134375 0.2359375
11 0.8234375 0.665625 0.090625 0.225
11 0.69921875 0.88359375 0.1109375 0.2328125
11 0.33125 0.39765625 0.171875 0.2046875
11 0.39375 0.55390625 0.184375 0.2140625
11 0.44140625 0.7140625 0.1953125 0.221875
11 0.5609375 0.75234375 0.090625 0.2359375
11 0.38515625 0.85625 0.1546875 0.234375
11 0.17109375 0.4671875 0.1203125 0.18125
11 0.0625 0.58203125 0.125 0.2171875
11 0.04609375 0.76171875 0.0921875 0.2234375
11 0.153125 0.76875 0.159375 0.275
11 0.2671875 0.88359375 0.10625 0.2234375