11 0.7484375 0.62109375 0.0875 0.1546875
11 0.9234375 0.31328125 0.053125 0.1328125
11 0.81015625 0.07421875 0.0734375 0.1078125
11 0.96875 0.11015625 0.0625 0.1390625
11 0.6203125 0.0546875 0.121875 0.109375
11 0.42265625 0.10625 0.0640625 0.103125
11 0.35 0.06796875 0.1 0.1078125
11 0.15859375 0.12265625 0.0796875 0.0890625
11 0.12421875 0.2375 0.0796875 0.153125
11 0.20546875 0.23515625 0.0609375 0.1953125
11 0.1796875 0.7078125 0.146875 0.1625
11 0.31484375 0.4703125 0.1078125 0.1375
11 0.4703125 0.70546875 0.10625 0.1984375
11 0.6046875 0.7984375 0.11875 0.19375
11 0.75703125 0.74609375 0.0953125 0.1734375
11 0.5515625 0.63203125 0.109375 0.1140625
11 0.37421875 0.565625 0.0765625 0.115625
11 0.40234375 0.47109375 0.0984375 0.1015625
11 0.37578125 0.30859375 0.0890625 0.1296875
11 0.28671875 0.2140625 0.0578125 0.171875