12 0.79765625 0.35703125 0.0921875 0.259375
12 0.7078125 0.78046875 0.1171875 0.2703125
12 0.6390625 0.26328125 0.1296875 0.2625
12 0.55625 0.46953125 0.1328125 0.25625
12 0.5046875 0.77421875 0.0875 0.2515625
12 0.4734375 0.20234375 0.115625 0.2578125
12 0.34375 0.46640625 0.1234375 0.2640625
12 0.26640625 0.76328125 0.1125 0.2578125
12 0.28984375 0.2171875 0.103125 0.278125
12 0.10546875 0.6203125 0.1046875 0.24375
12 0.13203125 0.30390625 0.1046875 0.2359375
12 0.9078125 0.55234375 0.1171875 0.265625