11 0.6390625 0.54609375 0.090625 0.1171875
11 0.540625 0.51796875 0.1015625 0.1234375
11 0.4609375 0.55390625 0.059375 0.1109375
11 0.19921875 0.71953125 0.109375 0.1078125
11 0.08984375 0.6140625 0.065625 0.059375
11 0.084375 0.4984375 0.1171875 0.109375
11 0.08515625 0.2859375 0.11875 0.1234375
11 0.23828125 0.52578125 0.1140625 0.1046875
11 0.22578125 0.421875 0.0984375 0.103125
11 0.30859375 0.38046875 0.121875 0.1359375
11 0.41171875 0.3140625 0.1390625 0.1234375
11 0.21875 0.22578125 0.0953125 0.1046875
11 0.503125 0.16171875 0.1 0.09375
11 0.63671875 0.228125 0.1046875 0.1046875
11 0.69375 0.35234375 0.1171875 0.090625
11 0.73203125 0.47578125 0.1 0.103125
11 0.871875 0.37265625 0.125 0.103125
11 0.96953125 0.29140625 0.0421875 0.1234375
11 0.82421875 0.20703125 0.16875 0.115625
11 0.77421875 0.278125 0.1453125 0.0828125