11 0.15625 0.36171875 0.096875 0.1890625
11 0.21484375 0.7109375 0.1234375 0.190625
11 0.37421875 0.70859375 0.1234375 0.1765625
11 0.428125 0.53203125 0.1 0.1265625
11 0.3546875 0.38984375 0.09375 0.1328125
11 0.25 0.28828125 0.09375 0.0859375
11 0.46015625 0.30078125 0.0984375 0.1140625
11 0.6046875 0.37578125 0.109375 0.1828125
11 0.82890625 0.559375 0.1078125 0.13125
11 0.92890625 0.51328125 0.1421875 0.1828125
11 0.82734375 0.33046875 0.1140625 0.1234375
11 0.7296875 0.15234375 0.084375 0.0921875
11 0.62890625 0.221875 0.0515625 0.115625
11 0.6859375 0.246875 0.040625 0.090625
11 0.73203125 0.421875 0.0578125 0.140625
11 0.3171875 0.25 0.071875 0.146875