12 0.6734375 0.21875 0.2546875 0.06484375
12 0.24296875 0.2640625 0.26171875 0.09140625
12 0.75 0.38671875 0.25234375 0.103125
12 0.5359375 0.446875 0.24765625 0.1078125
12 0.228125 0.46640625 0.24765625 0.0625
12 0.79296875 0.5578125 0.25 0.09140625
12 0.5171875 0.65859375 0.2546875 0.09609375
12 0.2140625 0.7046875 0.25 0.08671875
12 0.759375 0.73828125 0.271875 0.07421875
12 0.3390625 0.8796875 0.23828125 0.0796875
12 0.65625 0.88671875 0.228125 0.08203125
12 0.490625 0.0890625 0.25703125 0.09140625