11 0.28828125 0.2796875 0.1109375 0.134375
11 0.5125 0.2734375 0.103125 0.115625
11 0.61640625 0.30234375 0.1015625 0.1765625
11 0.6015625 0.18203125 0.08125 0.1015625
11 0.6890625 0.18203125 0.06875 0.1171875
11 0.8359375 0.303125 0.109375 0.13125
11 0.890625 0.253125 0.053125 0.103125
11 0.95546875 0.33984375 0.0890625 0.1328125
11 0.9140625 0.3890625 0.078125 0.090625
11 0.959375 0.49609375 0.08125 0.1171875
11 0.978125 0.68828125 0.04375 0.1234375
11 0.884375 0.8015625 0.09375 0.16875
11 0.81015625 0.50625 0.1359375 0.15625
11 0.6328125 0.45625 0.121875 0.1375
11 0.6578125 0.66640625 0.134375 0.1609375
11 0.69453125 0.9640625 0.0578125 0.071875
11 0.40859375 0.7984375 0.0765625 0.1375
11 0.2765625 0.65234375 0.1125 0.1671875
11 0.359375 0.57578125 0.15 0.2140625
11 0.3015625 0.428125 0.05625 0.1
11 0.36484375 0.34140625 0.0515625 0.1109375
11 0.25390625 0.38125 0.0484375 0.115625
11 0.1734375 0.51015625 0.059375 0.1453125
11 0.05078125 0.36484375 0.0546875 0.1359375
11 0.05234375 0.21953125 0.0796875 0.1109375
11 0.14609375 0.1984375 0.1265625 0.146875
11 0.16484375 0.2890625 0.0921875 0.1125
11 0.10546875 0.08125 0.0640625 0.11875
11 0.35390625 0.15625 0.1390625 0.140625
11 0.26640625 0.0625 0.0484375 0.084375
11 0.61640625 0.059375 0.0453125 0.0875