11 0.10859375 0.13671875 0.1046875 0.1203125
11 0.19140625 0.146875 0.0734375 0.1125
11 0.25234375 0.084375 0.0453125 0.109375
11 0.428125 0.078125 0.046875 0.08125
11 0.40703125 0.15546875 0.0984375 0.0859375
11 0.35703125 0.2109375 0.0796875 0.078125
11 0.2421875 0.43203125 0.103125 0.1390625
11 0.0234375 0.50859375 0.046875 0.1234375
11 0.20546875 0.66171875 0.1171875 0.1078125
11 0.21015625 0.83828125 0.0609375 0.0921875
11 0.28125 0.75859375 0.09375 0.1265625
11 0.24296875 0.90859375 0.0765625 0.1828125
11 0.378125 0.925 0.075 0.15
11 0.45390625 0.875 0.1109375 0.16875
11 0.496875 0.7703125 0.0875 0.1375
11 0.3609375 0.63125 0.10625 0.10625
11 0.28828125 0.52734375 0.0984375 0.0984375
11 0.34765625 0.43671875 0.0703125 0.1484375
11 0.45859375 0.4546875 0.0953125 0.0875
11 0.49453125 0.29609375 0.0765625 0.1171875
11 0.5296875 0.20703125 0.0875 0.1203125
11 0.63828125 0.384375 0.0984375 0.10625
11 0.6328125 0.46796875 0.090625 0.0984375
11 0.603125 0.50859375 0.06875 0.1109375
11 0.65546875 0.515625 0.0421875 0.103125
11 0.7046875 0.4078125 0.05 0.1125
11 0.7484375 0.49453125 0.06875 0.1515625
11 0.7234375 0.59296875 0.071875 0.1421875
11 0.6546875 0.59609375 0.065625 0.1203125
11 0.47421875 0.59609375 0.0609375 0.0765625
11 0.51796875 0.6609375 0.0859375 0.0875
11 0.634375 0.79765625 0.10625 0.1328125
11 0.70234375 0.7890625 0.0671875 0.140625
11 0.8046875 0.75625 0.06875 0.096875
11 0.84609375 0.84921875 0.0796875 0.1265625
11 0.7703125 0.9234375 0.078125 0.096875
11 0.71484375 0.94140625 0.0515625 0.1171875