11 0.759375 0.59453125 0.103125 0.1625
11 0.9015625 0.2703125 0.0671875 0.1375
11 0.7640625 0.05078125 0.084375 0.1015625
11 0.92578125 0.06796875 0.0765625 0.1359375
11 0.57265625 0.05234375 0.1328125 0.1046875
11 0.38203125 0.11640625 0.075 0.109375
11 0.30546875 0.0859375 0.1109375 0.1171875
11 0.12109375 0.16015625 0.0890625 0.096875
11 0.09921875 0.278125 0.0953125 0.1609375
11 0.1796875 0.2671875 0.08125 0.2
11 0.203125 0.73984375 0.1625 0.1765625
11 0.3125 0.48984375 0.121875 0.1484375
11 0.4921875 0.7078125 0.1265625 0.2078125
11 0.63515625 0.7859375 0.1390625 0.2046875
11 0.78125 0.71796875 0.1125 0.1828125
11 0.56484375 0.62578125 0.1203125 0.125
11 0.38203125 0.578125 0.0875 0.1234375
11 0.4 0.48125 0.1078125 0.1109375
11 0.35625 0.32265625 0.1015625 0.1390625
11 0.2578125 0.23828125 0.075 0.1765625