11 0.44296875 0.86640625 0.20625 0.1375
11 0.76953125 0.73046875 0.2140625 0.1625
11 0.73125 0.57578125 0.2 0.159375
11 0.54765625 0.5625 0.1453125 0.1265625
11 0.425 0.66640625 0.15 0.121875
11 0.35 0.79140625 0.1046875 0.1109375
11 0.31484375 0.58359375 0.1328125 0.121875
11 0.35546875 0.42578125 0.203125 0.1484375
11 0.48359375 0.16640625 0.1515625 0.134375
11 0.415625 0.084375 0.209375 0.16875
11 0.2609375 0.21953125 0.1453125 0.1390625
11 0.109375 0.3546875 0.109375 0.103125
11 0.2 0.43671875 0.125 0.0765625
11 0.21171875 0.37578125 0.096875 0.059375
11 0.371875 0.29140625 0.15 0.0875
11 0.29765625 0.734375 0.159375 0.103125